0 0.63828125 0.78125 0.13359375 0.20625
0 0.3921875 0.89453125 0.190625 0.2109375
0 0.2671875 0.77265625 0.12109375 0.1890625
0 0.384375 0.63828125 0.10546875 0.15234375
0 0.2890625 0.67109375 0.0953125 0.12578125
0 0.4703125 0.5375 0.0921875 0.1265625
0 0.271875 0.59375 0.0640625 0.08515625
0 0.31640625 0.5796875 0.06796875 0.084375
0 0.2875 0.51953125 0.08125 0.06953125
0 0.30546875 0.4359375 0.03828125 0.05859375
0 0.3625 0.5125 0.0515625 0.0828125
0 0.42109375 0.49296875 0.0671875 0.0859375
0 0.37578125 0.45078125 0.0359375 0.0390625
0 0.34453125 0.4640625 0.05703125 0.0421875
0 0.484375 0.4171875 0.0484375 0.08671875
0 0.43515625 0.4078125 0.0375 0.0734375
0 0.40234375 0.42109375 0.05546875 0.04453125
0 0.33671875 0.40390625 0.06953125 0.06640625
0 0.37734375 0.38515625 0.053125 0.05
0 0.421875 0.35390625 0.04140625 0.03125
0 0.49453125 0.22265625 0.0203125 0.03046875
0 0.42265625 0.3046875 0.0359375 0.03203125