0 0.9734375 0.7375 0.05234375 0.24453125
0 0.67890625 0.9453125 0.14453125 0.109375
0 0.35859375 0.9703125 0.09453125 0.059375
0 0.4609375 0.88828125 0.1921875 0.2234375
0 0.4484375 0.74453125 0.15390625 0.1421875
0 0.26875 0.68671875 0.09921875 0.2328125
0 0.4484375 0.62734375 0.10234375 0.09921875
0 0.3421875 0.64453125 0.0796875 0.13984375
0 0.26796875 0.57109375 0.06328125 0.0765625
0 0.4515625 0.47421875 0.0921875 0.1171875
0 0.40546875 0.5515625 0.10546875 0.0875
0 0.28046875 0.5328125 0.06796875 0.08984375
0 0.3265625 0.5359375 0.06484375 0.1046875
0 0.30234375 0.471875 0.06171875 0.06328125
0 0.3734375 0.47109375 0.05078125 0.0703125
0 0.3109375 0.40625 0.04921875 0.05546875
0 0.35078125 0.4375 0.06328125 0.06171875
0 0.40859375 0.38671875 0.0609375 0.03203125
0 0.34375 0.384375 0.04453125 0.0421875
0 0.49609375 0.22421875 0.01640625 0.028125
0 0.41640625 0.34375 0.04375 0.0296875
0 0.42265625 0.31640625 0.034375 0.0359375