0 0.35234375 0.9078125 0.1796875 0.184375
0 0.2546875 0.81328125 0.1171875 0.140625
0 0.428125 0.7265625 0.1625 0.2015625
0 0.26796875 0.7125 0.121875 0.1609375
0 0.45 0.584375 0.115625 0.1359375
0 0.31953125 0.6703125 0.1046875 0.13125
0 0.26484375 0.60078125 0.09375 0.0984375
0 0.49296875 0.459375 0.0796875 0.1125
0 0.34140625 0.54296875 0.0875 0.071875
0 0.37109375 0.58984375 0.065625 0.090625
0 0.28828125 0.51328125 0.053125 0.0796875
0 0.30390625 0.4171875 0.0703125 0.0765625
0 0.32109375 0.4734375 0.0828125 0.0859375
0 0.43984375 0.41484375 0.0515625 0.0625
0 0.43046875 0.46640625 0.0671875 0.090625
0 0.396875 0.48515625 0.0828125 0.071875
0 0.3671875 0.44375 0.0515625 0.06875
0 0.3875 0.4203125 0.0515625 0.059375
0 0.4515625 0.2203125 0.0234375 0.0328125