0 0.32890625 0.48671875 0.040625 0.06171875
0 0.37265625 0.503125 0.03984375 0.0671875
0 0.38359375 0.5640625 0.0453125 0.05625
0 0.4078125 0.5 0.03125 0.06484375
0 0.42890625 0.58984375 0.053125 0.08984375
0 0.47890625 0.58671875 0.03984375 0.08046875
0 0.521875 0.57265625 0.0390625 0.0640625
0 0.515625 0.6609375 0.0640625 0.10859375
0 0.57578125 0.71328125 0.053125 0.1046875
0 0.5890625 0.64765625 0.07109375 0.075
0 0.54765625 0.59296875 0.025 0.03359375
0 0.59765625 0.81875 0.05859375 0.0828125
0 0.678125 0.80859375 0.07109375 0.11015625
0 0.64765625 0.87734375 0.0734375 0.1171875
0 0.64765625 0.959375 0.084375 0.08125