0 0.70546875 0.925 0.0765625 0.1296875
0 0.55859375 0.73359375 0.0640625 0.14375
0 0.6234375 0.771875 0.0453125 0.0703125
0 0.62734375 0.70859375 0.0546875 0.0796875
0 0.6296875 0.6515625 0.06875 0.06875
0 0.459375 0.634375 0.0671875 0.09375
0 0.53359375 0.6515625 0.0484375 0.0609375
0 0.41484375 0.56875 0.0484375 0.0734375
0 0.38359375 0.58046875 0.025 0.046875
0 0.33046875 0.503125 0.040625 0.0671875
0 0.3703125 0.51328125 0.0421875 0.0421875
0 0.453125 0.50078125 0.03125 0.0375
0 0.43515625 0.5390625 0.0328125 0.0546875
0 0.52890625 0.56796875 0.040625 0.0375
0 0.55625 0.59453125 0.0359375 0.034375
0 0.51796875 0.615625 0.05 0.05
0 0.5796875 0.6390625 0.040625 0.0609375
0 0.34765625 0.46796875 0.040625 0.0375
0 0.37734375 0.43984375 0.0375 0.040625