0 0.04921875 0.6421875 0.0984375 0.2875
0 0.56796875 0.72109375 0.1421875 0.2578125
0 0.70625 0.63203125 0.1703125 0.228125
0 0.5265625 0.4921875 0.115625 0.171875
0 0.51875 0.3609375 0.08125 0.1265625
0 0.58125 0.253125 0.0671875 0.0765625
0 0.45859375 0.21171875 0.046875 0.0671875
0 0.48359375 0.28828125 0.0640625 0.09375
0 0.52109375 0.2578125 0.059375 0.0640625
0 0.45078125 0.13203125 0.046875 0.06875
0 0.496875 0.13828125 0.0484375 0.053125
0 0.51953125 0.1453125 0.03125 0.0546875
0 0.53203125 0.11796875 0.021875 0.040625