0 0.95390625 0.296875 0.0921875 0.3
0 0.6984375 0.3109375 0.1 0.2
0 0.44140625 0.17421875 0.146875 0.23125
0 0.21015625 0.03671875 0.1453125 0.0734375
0 0.35625 0.05625 0.121875 0.1125
0 0.23125 0.1296875 0.146875 0.1640625
0 0.32265625 0.1859375 0.1 0.15625
0 0.20390625 0.23828125 0.0828125 0.08125
0 0.44375 0.35 0.0796875 0.134375
0 0.28203125 0.3046875 0.14375 0.1328125
0 0.25703125 0.36953125 0.0984375 0.065625
0 0.38984375 0.42578125 0.0984375 0.1828125
0 0.309375 0.4234375 0.0796875 0.125
0 0.4125 0.5828125 0.046875 0.071875
0 0.28203125 0.5015625 0.0390625 0.0546875
0 0.3203125 0.49375 0.053125 0.065625
0 0.509375 0.7390625 0.0328125 0.0546875
0 0.2953125 0.54765625 0.0546875 0.0546875
0 0.36171875 0.55390625 0.0640625 0.0421875
0 0.325 0.57578125 0.0515625 0.059375
0 0.4421875 0.578125 0.034375 0.046875
0 0.4171875 0.6609375 0.034375 0.034375
0 0.43046875 0.6328125 0.0375 0.05