0 0.27578125 0.80546875 0.1046875 0.115625
0 0.165625 0.8859375 0.1046875 0.1078125
0 0.47734375 0.63671875 0.0703125 0.0921875
0 0.38984375 0.6125 0.06875 0.09375
0 0.51640625 0.6046875 0.046875 0.0734375
0 0.4296875 0.57890625 0.0453125 0.0609375
0 0.61484375 0.53359375 0.0578125 0.0921875
0 0.66171875 0.503125 0.05 0.08125
0 0.68359375 0.5125 0.0375 0.06875
0 0.5953125 0.490625 0.0359375 0.0484375
0 0.62890625 0.46953125 0.0296875 0.04375
0 0.53671875 0.525 0.03125 0.03125
0 0.5078125 0.52890625 0.0375 0.0421875
0 0.5578125 0.56640625 0.05625 0.075
0 0.5734375 0.5296875 0.0453125 0.0453125
0 0.45546875 0.55859375 0.0421875 0.046875
0 0.4703125 0.59453125 0.046875 0.05625