0 0.6828125 0.93515625 0.06953125 0.12578125
0 0.54609375 0.73671875 0.05703125 0.14140625
0 0.609375 0.778125 0.0421875 0.06796875
0 0.61640625 0.71484375 0.05 0.07734375
0 0.621875 0.6578125 0.06484375 0.06484375
0 0.45234375 0.63203125 0.0625 0.090625
0 0.52578125 0.653125 0.04609375 0.05859375
0 0.41171875 0.5640625 0.0453125 0.071875
0 0.3796875 0.57421875 0.0234375 0.0453125
0 0.33046875 0.49453125 0.03671875 0.065625
0 0.36953125 0.50625 0.040625 0.03984375
0 0.453125 0.4984375 0.0296875 0.0359375
0 0.4328125 0.5359375 0.0296875 0.053125
0 0.525 0.56953125 0.03828125 0.0359375
0 0.5515625 0.59765625 0.034375 0.0328125
0 0.51171875 0.61640625 0.04765625 0.046875
0 0.57265625 0.64296875 0.0375 0.059375
0 0.34921875 0.46015625 0.03828125 0.0359375
0 0.38046875 0.43359375 0.03515625 0.0390625