0 0.6359375 0.91015625 0.0265625 0.04375
0 0.8140625 0.33515625 0.2078125 0.3015625
0 0.37734375 0.0640625 0.2109375 0.128125
0 0.45625 0.2015625 0.1765625 0.20625
0 0.50546875 0.32890625 0.1140625 0.1140625
0 0.52421875 0.4296875 0.09375 0.1265625
0 0.49375 0.5046875 0.078125 0.125
0 0.515625 0.59375 0.0671875 0.09375
0 0.53359375 0.65703125 0.0421875 0.05625
0 0.525 0.803125 0.0421875 0.0515625
0 0.528125 0.71328125 0.0640625 0.0515625
0 0.553125 0.775 0.0359375 0.0484375
0 0.53203125 0.7515625 0.0671875 0.0328125
0 0.54453125 0.83671875 0.0359375 0.0328125
0 0.55078125 0.878125 0.028125 0.040625