0 0.634375 0.94375 0.1296875 0.1125
0 0.56953125 0.81171875 0.15 0.15703125
0 0.5203125 0.7078125 0.09140625 0.078125
0 0.50234375 0.56484375 0.09375 0.0828125
0 0.5359375 0.66328125 0.09765625 0.09765625
0 0.478125 0.459375 0.05625 0.10546875
0 0.46640625 0.353125 0.05390625 0.059375
0 0.44921875 0.2953125 0.07109375 0.05
0 0.44140625 0.19609375 0.04296875 0.0421875
0 0.45390625 0.24453125 0.05 0.040625
0 0.4375 0.15234375 0.0359375 0.0421875
0 0.43125 0.13046875 0.03046875 0.02890625
0 0.44375 0.1140625 0.03046875 0.02265625