0 0.25546875 0.4296875 0.09140625 0.16953125
0 0.609375 0.84609375 0.13984375 0.28125
0 0.50625 0.7390625 0.11640625 0.146875
0 0.5140625 0.65078125 0.1 0.05625
0 0.48359375 0.56796875 0.0765625 0.0828125
0 0.48046875 0.484375 0.059375 0.09453125
0 0.43046875 0.3546875 0.0546875 0.08203125
0 0.47890625 0.3453125 0.04609375 0.078125
0 0.43359375 0.24453125 0.0390625 0.04609375
0 0.4609375 0.290625 0.06015625 0.04609375
0 0.434375 0.2078125 0.0265625 0.03515625
0 0.42734375 0.15390625 0.03046875 0.06015625
0 0.3484375 0.1 0.0125 0.0203125
0 0.42109375 0.109375 0.03203125 0.03515625