0 0.31484375 0.51875 0.03125 0.040625
0 0.33671875 0.4890625 0.0453125 0.059375
0 0.38359375 0.47578125 0.0578125 0.06875
0 0.43671875 0.41953125 0.0515625 0.059375
0 0.44296875 0.4859375 0.03125 0.0390625
0 0.421875 0.47421875 0.028125 0.0328125
0 0.3875 0.41796875 0.0484375 0.059375
0 0.4765625 0.34375 0.0875 0.103125
0 0.5765625 0.34609375 0.0890625 0.1046875
0 0.61171875 0.37578125 0.0578125 0.071875
0 0.5328125 0.4015625 0.0546875 0.053125
0 0.48515625 0.42578125 0.04375 0.05
0 0.6203125 0.253125 0.078125 0.115625
0 0.67734375 0.13125 0.096875 0.1
0 0.75234375 0.08515625 0.090625 0.0984375
0 0.81484375 0.0859375 0.0609375 0.075
0 0.76015625 0.1671875 0.0734375 0.0953125
0 0.71875 0.240625 0.078125 0.1140625
0 0.58125 0.41484375 0.046875 0.0453125
0 0.4703125 0.46640625 0.04375 0.0515625