0 0.93359375 0.54609375 0.1328125 0.20625
0 0.7828125 0.4921875 0.1015625 0.1375
0 0.6734375 0.43046875 0.078125 0.1375
0 0.60234375 0.4109375 0.0859375 0.1078125
0 0.540625 0.38671875 0.0546875 0.1109375
0 0.5078125 0.36875 0.0625 0.0890625
0 0.4703125 0.34765625 0.0515625 0.0921875
0 0.51875 0.31953125 0.034375 0.0171875
0 0.428125 0.340625 0.05 0.0796875
0 0.3921875 0.321875 0.0390625 0.0453125
0 0.36171875 0.3078125 0.0390625 0.06875
0 0.21484375 0.3015625 0.0234375 0.046875
0 0.20390625 0.3125 0.0203125 0.0296875
0 0.23984375 0.30859375 0.0265625 0.040625