0 0.33125 0.50078125 0.0421875 0.0625
0 0.375 0.42734375 0.04375 0.0609375
0 0.42578125 0.5125 0.0375 0.0375
0 0.3703125 0.4859375 0.05 0.0625
0 0.4078125 0.48046875 0.0375 0.0515625
0 0.43671875 0.39140625 0.059375 0.084375
0 0.528125 0.34140625 0.06875 0.0921875
0 0.59296875 0.23984375 0.075 0.11875
0 0.59609375 0.12109375 0.0828125 0.10625
0 0.66015625 0.128125 0.065625 0.090625
0 0.7203125 0.13984375 0.071875 0.1234375
0 0.75390625 0.059375 0.071875 0.071875
0 0.63984375 0.2875 0.071875 0.1125
0 0.58125 0.33984375 0.046875 0.06875
0 0.46328125 0.4421875 0.0421875 0.06875
0 0.49453125 0.4171875 0.05 0.04375
0 0.58671875 0.3875 0.0515625 0.065625
0 0.49609375 0.38125 0.034375 0.0328125
0 0.5453125 0.396875 0.028125 0.0453125
0 0.49921875 0.459375 0.03125 0.0515625