0 0.97734375 0.81328125 0.0453125 0.1109375
0 0.8546875 0.72734375 0.12421875 0.22265625
0 0.44375 0.8984375 0.19921875 0.203125
0 0.221875 0.971875 0.13125 0.05625
0 0.3328125 0.8109375 0.12109375 0.2390625
0 0.23203125 0.803125 0.125 0.1515625
0 0.2453125 0.696875 0.11875 0.1515625
0 0.4203125 0.59453125 0.08984375 0.1234375
0 0.359375 0.64296875 0.0953125 0.128125
0 0.2828125 0.5828125 0.0703125 0.1375
0 0.45 0.4375 0.0734375 0.103125
0 0.39921875 0.5 0.08984375 0.103125
0 0.3484375 0.53828125 0.07734375 0.08125
0 0.28125 0.509375 0.0609375 0.0453125
0 0.29609375 0.471875 0.0640625 0.04375
0 0.3515625 0.39375 0.06640625 0.0546875
0 0.371875 0.43203125 0.04921875 0.0671875
0 0.33125 0.4640625 0.06015625 0.053125
0 0.4140625 0.39375 0.0328125 0.06171875
0 0.50078125 0.23125 0.01484375 0.0296875
0 0.421875 0.35390625 0.0296875 0.040625
0 0.41484375 0.30859375 0.02734375 0.0265625
0 0.42734375 0.2578125 0.021875 0.03671875