0 0.65859375 0.515625 0.04375 0.0625
0 0.63984375 0.54140625 0.0390625 0.0484375
0 0.63515625 0.44921875 0.040625 0.059375
0 0.59140625 0.5171875 0.0359375 0.034375
0 0.61171875 0.49375 0.0375 0.0328125
0 0.565625 0.3640625 0.071875 0.096875
0 0.59453125 0.45 0.0375 0.05625
0 0.46875 0.3328125 0.065625 0.084375
0 0.39765625 0.2921875 0.08125 0.1328125
0 0.340625 0.31953125 0.0828125 0.1265625
0 0.28125 0.1734375 0.0578125 0.084375
0 0.32265625 0.15546875 0.0921875 0.14375
0 0.33671875 0.23984375 0.053125 0.0609375
0 0.55390625 0.44609375 0.0375 0.0625
0 0.446875 0.39375 0.0421875 0.05625
0 0.40625 0.37109375 0.0515625 0.05
0 0.47890625 0.39453125 0.0484375 0.0421875
0 0.53046875 0.38828125 0.0453125 0.059375
0 0.46640625 0.4296875 0.0375 0.0390625
0 0.50859375 0.42578125 0.0453125 0.053125