0 0.40390625 0.0078125 0.0484375 0.015625
0 0.346875 0.0359375 0.10625 0.071875
0 0.43515625 0.2140625 0.08125 0.1203125
0 0.54453125 0.25234375 0.090625 0.1375
0 0.41484375 0.325 0.0640625 0.0921875
0 0.5 0.290625 0.075 0.115625
0 0.465625 0.3359375 0.0703125 0.103125
0 0.5 0.3875 0.05 0.0703125
0 0.60546875 0.4234375 0.0515625 0.0796875
0 0.63671875 0.51640625 0.0546875 0.06875
0 0.5921875 0.54296875 0.040625 0.0484375
0 0.63359375 0.5546875 0.0359375 0.034375
0 0.575 0.49453125 0.0390625 0.0375
0 0.6078125 0.47421875 0.0515625 0.040625
0 0.534375 0.4828125 0.03125 0.0375
0 0.5578125 0.4703125 0.0359375 0.03125
0 0.578125 0.4390625 0.034375 0.0484375
0 0.55625 0.415625 0.0359375 0.053125
0 0.54140625 0.453125 0.0359375 0.0328125
0 0.51484375 0.42421875 0.0453125 0.06875