0 0.07890625 0.571875 0.1421875 0.1828125
0 0.42890625 0.33125 0.03671875 0.04453125
0 0.4375 0.396875 0.06796875 0.08046875
0 0.62890625 0.4109375 0.06015625 0.07734375
0 0.48984375 0.37734375 0.05078125 0.06484375
0 0.66640625 0.275 0.02578125 0.04609375
0 0.8015625 0.259375 0.015625 0.01640625
0 0.7828125 0.25625 0.01484375 0.021875
0 0.54765625 0.33671875 0.04296875 0.07109375
0 0.51953125 0.34921875 0.03671875 0.07109375
0 0.5703125 0.328125 0.04375 0.0640625
0 0.603125 0.31875 0.046875 0.0453125
0 0.61015625 0.28046875 0.0328125 0.0375
0 0.640625 0.2859375 0.03125 0.05546875
0 0.32421875 0.44609375 0.08984375 0.15234375