0 0.71484375 0.6796875 0.1140625 0.2015625
0 0.65 0.94375 0.178125 0.1125
0 0.390625 0.86640625 0.14921875 0.26640625
0 0.25 0.89296875 0.13203125 0.2140625
0 0.23515625 0.69921875 0.078125 0.115625
0 0.41171875 0.7046875 0.10390625 0.11484375
0 0.30390625 0.7640625 0.10078125 0.13203125
0 0.35546875 0.6546875 0.11484375 0.11640625
0 0.246875 0.628125 0.0875 0.0859375
0 0.41484375 0.5390625 0.06796875 0.1296875
0 0.29609375 0.56328125 0.10078125 0.09765625
0 0.35234375 0.5109375 0.08671875 0.0984375
0 0.45 0.41484375 0.06640625 0.090625
0 0.40703125 0.4609375 0.08828125 0.0890625
0 0.2875 0.5 0.07890625 0.05390625
0 0.31328125 0.384375 0.05546875 0.04296875
0 0.3796875 0.40078125 0.03671875 0.0625
0 0.3359375 0.425 0.06640625 0.0625
0 0.296875 0.4609375 0.0609375 0.0421875
0 0.50390625 0.2390625 0.0328125 0.0421875
0 0.4296875 0.328125 0.0453125 0.03515625
0 0.428125 0.275 0.02734375 0.03359375