0 0.471875 0.82421875 0.084375 0.1015625
0 0.403125 0.86171875 0.08125 0.0984375
0 0.4171875 0.91640625 0.053125 0.084375
0 0.45546875 0.93984375 0.0828125 0.1203125
0 0.4125 0.6984375 0.071875 0.1125
0 0.678125 0.46796875 0.053125 0.0625
0 0.63671875 0.50078125 0.046875 0.078125
0 0.60703125 0.61015625 0.059375 0.115625
0 0.5578125 0.6109375 0.0671875 0.0953125
0 0.50546875 0.621875 0.05625 0.0828125
0 0.45546875 0.60234375 0.05 0.071875
0 0.43203125 0.64453125 0.0390625 0.059375
0 0.61484375 0.46328125 0.034375 0.0359375
0 0.57421875 0.46015625 0.0328125 0.028125
0 0.56328125 0.47890625 0.0296875 0.025
0 0.59609375 0.53515625 0.0578125 0.05625
0 0.5578125 0.5515625 0.028125 0.034375
0 0.5296875 0.5171875 0.034375 0.0296875
0 0.5234375 0.55390625 0.0390625 0.0359375
0 0.49765625 0.578125 0.034375 0.01875