0 0.053125 0.4828125 0.10625 0.2375
0 0.1953125 0.5375 0.1359375 0.2
0 0.3203125 0.57265625 0.1015625 0.159375
0 0.39296875 0.5890625 0.0890625 0.125
0 0.43828125 0.6515625 0.046875 0.065625
0 0.48671875 0.6359375 0.0828125 0.115625
0 0.56328125 0.6515625 0.05625 0.0796875
0 0.59921875 0.65859375 0.0484375 0.06875
0 0.62734375 0.66875 0.0546875 0.071875
0 0.6671875 0.67890625 0.0265625 0.0375
0 0.7296875 0.646875 0.0375 0.05
0 0.784375 0.64375 0.0421875 0.0484375
0 0.753125 0.671875 0.0171875 0.0375
0 0.77421875 0.6671875 0.028125 0.0265625