0 0.6640625 0.984375 0.04375 0.03125
0 0.71796875 0.95390625 0.09375 0.09140625
0 0.60390625 0.77421875 0.06640625 0.11171875
0 0.490625 0.7515625 0.0734375 0.12890625
0 0.60859375 0.66171875 0.053125 0.08515625
0 0.52890625 0.70703125 0.0609375 0.1078125
0 0.55703125 0.6578125 0.05703125 0.09609375
0 0.515625 0.61171875 0.04140625 0.065625
0 0.40625 0.590625 0.0421875 0.075
0 0.3625 0.503125 0.04609375 0.06328125
0 0.40234375 0.4703125 0.03515625 0.04453125
0 0.36015625 0.4640625 0.0328125 0.0296875
0 0.4265625 0.515625 0.034375 0.03359375
0 0.396875 0.540625 0.04765625 0.034375
0 0.46875 0.521875 0.02734375 0.034375
0 0.446875 0.5375 0.03203125 0.02734375
0 0.43125 0.57109375 0.02890625 0.0453125
0 0.45625 0.59140625 0.02890625 0.05
0 0.465625 0.55234375 0.03203125 0.02890625
0 0.49609375 0.57734375 0.03671875 0.06484375