0 0.2609375 0.4125 0.103125 0.175
0 0.58515625 0.853125 0.159375 0.290625
0 0.48984375 0.7390625 0.1265625 0.1546875
0 0.503125 0.6515625 0.103125 0.0625
0 0.47890625 0.56640625 0.0828125 0.0875
0 0.48125 0.4828125 0.065625 0.0984375
0 0.440625 0.35 0.0609375 0.0859375
0 0.48984375 0.34453125 0.0515625 0.08125
0 0.4515625 0.240625 0.0421875 0.0484375
0 0.47578125 0.28828125 0.0625 0.05
0 0.4546875 0.20390625 0.0296875 0.0375
0 0.4515625 0.15 0.034375 0.0625
0 0.3765625 0.090625 0.0140625 0.021875
0 0.4484375 0.1046875 0.034375 0.0375