0 0.64453125 0.56640625 0.0484375 0.065625
0 0.61875 0.584375 0.04375 0.0515625
0 0.64453125 0.49609375 0.0453125 0.0625
0 0.58046875 0.54609375 0.0375 0.0375
0 0.6078125 0.53125 0.0390625 0.0359375
0 0.60625 0.39296875 0.078125 0.1015625
0 0.60546875 0.48359375 0.0421875 0.059375
0 0.52421875 0.33203125 0.071875 0.0875
0 0.4703125 0.2703125 0.0921875 0.1359375
0 0.40859375 0.27734375 0.0921875 0.13125
0 0.39921875 0.1203125 0.0640625 0.0875
0 0.44375 0.11640625 0.1015625 0.1484375
0 0.43046875 0.20078125 0.05625 0.0640625
0 0.56875 0.46640625 0.0421875 0.0640625
0 0.484375 0.3828125 0.046875 0.059375
0 0.453125 0.34765625 0.0546875 0.0546875
0 0.51484375 0.39375 0.0515625 0.0453125
0 0.56484375 0.4046875 0.0484375 0.0625
0 0.490625 0.421875 0.040625 0.0421875
0 0.5328125 0.4328125 0.0484375 0.05625