0 0.953125 0.71875 0.09375 0.296875
0 0.69140625 0.69609375 0.09375 0.19609375
0 0.4296875 0.8234375 0.1390625 0.22578125
0 0.19375 0.959375 0.14296875 0.08046875
0 0.340625 0.94140625 0.11796875 0.11640625
0 0.21875 0.8609375 0.14140625 0.159375
0 0.31171875 0.8078125 0.0953125 0.15234375
0 0.1953125 0.7515625 0.0796875 0.07890625
0 0.43828125 0.64765625 0.075 0.13125
0 0.275 0.6875 0.13984375 0.128125
0 0.25234375 0.621875 0.09609375 0.06171875
0 0.3875 0.5703125 0.09296875 0.1796875
0 0.30703125 0.56953125 0.07578125 0.121875
0 0.415625 0.4140625 0.04375 0.07109375
0 0.28203125 0.490625 0.03671875 0.05390625
0 0.3203125 0.5 0.0515625 0.06328125
0 0.51796875 0.26171875 0.03046875 0.05390625
0 0.296875 0.4453125 0.05234375 0.053125
0 0.3640625 0.44140625 0.0625 0.03984375
0 0.328125 0.41796875 0.05 0.0578125
0 0.4453125 0.41953125 0.0328125 0.0453125
0 0.42265625 0.3359375 0.0328125 0.0328125
0 0.43515625 0.36484375 0.03515625 0.04921875