0 0.32890625 0.51328125 0.040625 0.0625
0 0.37265625 0.496875 0.040625 0.0671875
0 0.38359375 0.4359375 0.0453125 0.05625
0 0.4078125 0.5 0.03125 0.065625
0 0.42890625 0.41015625 0.053125 0.090625
0 0.47890625 0.41328125 0.040625 0.08125
0 0.521875 0.42734375 0.0390625 0.0640625
0 0.515625 0.3390625 0.0640625 0.109375
0 0.57578125 0.28671875 0.053125 0.1046875
0 0.5890625 0.35234375 0.071875 0.075
0 0.54765625 0.40703125 0.025 0.034375
0 0.59765625 0.18125 0.059375 0.0828125
0 0.678125 0.19140625 0.071875 0.109375
0 0.64765625 0.12265625 0.0734375 0.1171875
0 0.64765625 0.040625 0.084375 0.08125