0 0.67734375 0.8828125 0.08671875 0.10625
0 0.60703125 0.93046875 0.0859375 0.1125
0 0.6421875 0.71484375 0.0625 0.10078125
0 0.62421875 0.81171875 0.05546875 0.08125
0 0.5625 0.8140625 0.078125 0.13046875
0 0.4734375 0.7890625 0.0671875 0.1359375
0 0.5609375 0.68125 0.07734375 0.10390625
0 0.478125 0.67109375 0.07578125 0.09375
0 0.39765625 0.5703125 0.04609375 0.06953125
0 0.365625 0.53671875 0.04296875 0.05
0 0.34921875 0.46015625 0.02890625 0.06171875
0 0.37578125 0.48203125 0.03125 0.0453125
0 0.33203125 0.44296875 0.03203125 0.0640625
0 0.4109375 0.44921875 0.03203125 0.05390625
0 0.40859375 0.49921875 0.028125 0.0375
0 0.46171875 0.52109375 0.0265625 0.0375
0 0.42578125 0.52734375 0.034375 0.05390625
0 0.453125 0.55234375 0.053125 0.0515625
0 0.55625 0.625 0.04140625 0.0359375
0 0.465625 0.6015625 0.05625 0.06015625
0 0.48671875 0.53671875 0.0484375 0.0328125