0 0.04921875 0.221875 0.0734375 0.2484375
0 0.3609375 0.05078125 0.153125 0.1015625
0 0.68203125 0.04375 0.1 0.0671875
0 0.57265625 0.11796875 0.2109375 0.2359375
0 0.57265625 0.2609375 0.165625 0.1546875
0 0.746875 0.334375 0.11875 0.240625
0 0.5625 0.37734375 0.1109375 0.1078125
0 0.66953125 0.36953125 0.0921875 0.146875
0 0.7375 0.44921875 0.0703125 0.08125
0 0.54609375 0.5296875 0.1015625 0.125
0 0.5984375 0.45703125 0.1125 0.096875
0 0.721875 0.48671875 0.075 0.0953125
0 0.67578125 0.4796875 0.0734375 0.109375
0 0.69453125 0.5453125 0.0671875 0.06875
0 0.6234375 0.53984375 0.05625 0.075
0 0.68046875 0.61015625 0.053125 0.059375
0 0.64296875 0.575 0.06875 0.0671875
0 0.58125 0.62109375 0.0640625 0.0375
0 0.6453125 0.62890625 0.0484375 0.0453125
0 0.4796875 0.775 0.01875 0.0296875
0 0.56953125 0.66328125 0.046875 0.0328125
0 0.5609375 0.68984375 0.0375 0.0390625