0 0.64375 0.85078125 0.0828125 0.0984375
0 0.73125 0.95546875 0.0859375 0.0890625
0 0.4890625 0.63828125 0.0515625 0.0828125
0 0.5796875 0.6359375 0.04921875 0.084375
0 0.45859375 0.59765625 0.03203125 0.06796875
0 0.54921875 0.59375 0.0328125 0.05390625
0 0.38046875 0.5046875 0.03828125 0.0859375
0 0.3421875 0.4640625 0.03359375 0.075
0 0.31875 0.46796875 0.02265625 0.06484375
0 0.409375 0.46796875 0.02578125 0.04296875
0 0.38203125 0.4390625 0.02109375 0.040625
0 0.45859375 0.515625 0.025 0.0265625
0 0.48515625 0.52578125 0.03046875 0.0359375
0 0.428125 0.55078125 0.0421875 0.06640625
0 0.421875 0.5109375 0.0375 0.03671875
0 0.52890625 0.56796875 0.034375 0.0390625
0 0.50625 0.59921875 0.03671875 0.0484375