0 0.35703125 0.4296875 0.02578125 0.03984375
0 0.3296875 0.47421875 0.03984375 0.05234375
0 0.37734375 0.478125 0.03359375 0.0515625
0 0.41171875 0.4640625 0.0234375 0.01640625
0 0.365625 0.55078125 0.053125 0.06640625
0 0.46796875 0.52265625 0.02890625 0.02265625
0 0.4234375 0.5171875 0.0296875 0.0296875
0 0.39765625 0.54140625 0.028125 0.0359375
0 0.44296875 0.60078125 0.0484375 0.06796875
0 0.4140625 0.57421875 0.03515625 0.053125
0 0.475 0.54765625 0.0328125 0.0421875
0 0.44296875 0.546875 0.04296875 0.040625
0 0.5421875 0.57265625 0.034375 0.0453125
0 0.578125 0.6296875 0.03203125 0.053125
0 0.490625 0.59921875 0.04921875 0.0671875
0 0.52421875 0.625 0.059375 0.08046875
0 0.5 0.69453125 0.065625 0.096875
0 0.484375 0.79765625 0.07734375 0.1
0 0.60703125 0.73046875 0.07109375 0.1078125
0 0.646875 0.83515625 0.08125 0.12265625
0 0.70703125 0.903125 0.0828125 0.11484375
0 0.703125 0.98671875 0.059375 0.0265625