0 0.56953125 0.07421875 0.1640625 0.1484375
0 0.5578125 0.19140625 0.121875 0.128125
0 0.54296875 0.37734375 0.1203125 0.1546875
0 0.5171875 0.475 0.1046875 0.1375
0 0.51875 0.56484375 0.0859375 0.0828125
0 0.55703125 0.6375 0.0828125 0.0828125
0 0.51484375 0.68671875 0.0609375 0.08125
0 0.45625 0.71796875 0.0796875 0.090625
0 0.434375 0.8109375 0.0609375 0.065625
0 0.52421875 0.81875 0.053125 0.0703125
0 0.434375 0.86953125 0.0421875 0.0515625
0 0.52890625 0.8671875 0.0375 0.040625
0 0.49453125 0.85390625 0.046875 0.053125
0 0.46015625 0.859375 0.025 0.0484375
0 0.5015625 0.89375 0.03125 0.0296875