0 0.43671875 0.07421875 0.1671875 0.1484375
0 0.44765625 0.190625 0.125 0.1296875
0 0.45859375 0.3765625 0.121875 0.15625
0 0.4828125 0.475 0.10625 0.1390625
0 0.4796875 0.56484375 0.0875 0.084375
0 0.440625 0.63671875 0.084375 0.0828125
0 0.48203125 0.68671875 0.0625 0.08125
0 0.53984375 0.71875 0.08125 0.0921875
0 0.56015625 0.81171875 0.0625 0.0671875
0 0.4703125 0.81796875 0.053125 0.0703125
0 0.559375 0.87109375 0.0421875 0.053125
0 0.46484375 0.86640625 0.0375 0.0421875
0 0.49921875 0.85390625 0.0484375 0.0546875
0 0.53359375 0.86015625 0.025 0.0484375
0 0.49140625 0.89375 0.0328125 0.0296875