0 0.15703125 0.43828125 0.1046875 0.165625
0 0.21328125 0.61796875 0.1484375 0.25703125
0 0.4609375 0.471875 0.06796875 0.09375
0 0.5359375 0.73125 0.14453125 0.125
0 0.5671875 0.86328125 0.13203125 0.190625
0 0.61640625 0.94296875 0.1609375 0.1125
0 0.47421875 0.56484375 0.0890625 0.13984375
0 0.42890625 0.22734375 0.04375 0.04921875
0 0.4265625 0.18046875 0.04375 0.04453125
0 0.421875 0.1265625 0.0375 0.03515625
0 0.421875 0.103125 0.02734375 0.02265625
0 0.41484375 0.0765625 0.01796875 0.02265625
0 0.4109375 0.06796875 0.01953125 0.0140625
0 0.41015625 0.0546875 0.0140625 0.01875