0 0.66796875 0.53671875 0.0484375 0.0671875
0 0.6265625 0.51484375 0.0484375 0.071875
0 0.62421875 0.453125 0.053125 0.0625
0 0.59140625 0.5125 0.040625 0.06875
0 0.5828125 0.42109375 0.065625 0.096875
0 0.5328125 0.4171875 0.05 0.0859375
0 0.48828125 0.425 0.046875 0.06875
0 0.50703125 0.33828125 0.078125 0.1171875
0 0.4546875 0.278125 0.0671875 0.1109375
0 0.43203125 0.34140625 0.08125 0.084375
0 0.465625 0.4015625 0.0296875 0.0375
0 0.44765625 0.17109375 0.0703125 0.090625
0 0.36640625 0.16953125 0.0859375 0.11875
0 0.40625 0.10546875 0.0890625 0.1265625
0 0.41796875 0.03515625 0.0953125 0.0703125