0 0.928125 0.621875 0.140625 0.225
0 0.803125 0.55703125 0.09375 0.1296875
0 0.70390625 0.47109375 0.1 0.1421875
0 0.621875 0.43359375 0.078125 0.1203125
0 0.58046875 0.4109375 0.0703125 0.096875
0 0.5328125 0.38671875 0.0515625 0.078125
0 0.54609375 0.33359375 0.05 0.0625
0 0.29296875 0.384375 0.075 0.10625
0 0.2328125 0.27109375 0.015625 0.028125
0 0.4703125 0.34140625 0.0421875 0.0703125
0 0.4984375 0.3375 0.040625 0.0671875
0 0.4484375 0.32109375 0.0546875 0.075
0 0.4109375 0.30390625 0.0375 0.0515625
0 0.396875 0.29453125 0.034375 0.046875