0 0.61640625 0.19609375 0.084375 0.1015625
0 0.69296875 0.17890625 0.08125 0.0984375
0 0.69453125 0.12265625 0.053125 0.084375
0 0.66484375 0.0875 0.0828125 0.121875
0 0.63828125 0.33359375 0.071875 0.1125
0 0.31953125 0.48203125 0.053125 0.0625
0 0.36875 0.46171875 0.046875 0.078125
0 0.42734375 0.3640625 0.059375 0.115625
0 0.475 0.37734375 0.0671875 0.0953125
0 0.528125 0.38203125 0.05625 0.0828125
0 0.57109375 0.4140625 0.05 0.071875
0 0.60546875 0.3796875 0.0390625 0.059375
0 0.3796875 0.50390625 0.034375 0.0359375
0 0.41796875 0.51796875 0.0328125 0.028125
0 0.43359375 0.50234375 0.0296875 0.025
0 0.41796875 0.43984375 0.0578125 0.05625
0 0.45859375 0.434375 0.028125 0.034375
0 0.47578125 0.475 0.034375 0.0296875
0 0.4921875 0.4421875 0.0390625 0.0359375
0 0.52421875 0.425 0.034375 0.01875