0 0.72109375 0.334375 0.0640625 0.1265625
0 0.38515625 0.92421875 0.196875 0.1515625
0 0.42421875 0.80078125 0.1703125 0.1625
0 0.475 0.61171875 0.109375 0.0890625
0 0.4625 0.68828125 0.10625 0.075
0 0.52890625 0.4828125 0.071875 0.096875
0 0.56484375 0.275 0.053125 0.0828125
0 0.5390625 0.39453125 0.05 0.05625
0 0.56875 0.1953125 0.034375 0.053125
0 0.6671875 0.10703125 0.0171875 0.03125
0 0.5609375 0.17109375 0.0296875 0.03125
0 0.58203125 0.15234375 0.0296875 0.0296875
0 0.584375 0.109375 0.0265625 0.0328125