0 0.06484375 0.41171875 0.121875 0.2375
0 0.2015625 0.4890625 0.09375 0.165625
0 0.303125 0.54765625 0.075 0.134375
0 0.43359375 0.58984375 0.065625 0.11875
0 0.68984375 0.5734375 0.071875 0.115625
0 0.4859375 0.61796875 0.05625 0.075
0 0.54765625 0.6515625 0.0453125 0.0625
0 0.675 0.64609375 0.040625 0.0578125
0 0.79453125 0.71328125 0.015625 0.0328125
0 0.775 0.7421875 0.0140625 0.01875
0 0.78828125 0.73359375 0.0140625 0.01875
0 0.4859375 0.66484375 0.028125 0.0515625
0 0.5015625 0.665625 0.021875 0.05625
0 0.540625 0.684375 0.028125 0.0234375
0 0.5953125 0.678125 0.025 0.05
0 0.64453125 0.70078125 0.03125 0.046875