0 0.3921875 0.925 0.15234375 0.15
0 0.415625 0.80234375 0.1125 0.11875
0 0.44609375 0.61875 0.1078125 0.14609375
0 0.48046875 0.5234375 0.09375 0.1296875
0 0.48671875 0.43359375 0.0796875 0.0765625
0 0.45546875 0.3578125 0.0765625 0.07578125
0 0.5015625 0.3125 0.0546875 0.0765625
0 0.5625 0.28671875 0.07265625 0.084375
0 0.5921875 0.19609375 0.05625 0.06171875
0 0.50390625 0.18046875 0.046875 0.06640625
0 0.59765625 0.1375 0.0375 0.04921875
0 0.503125 0.13203125 0.03359375 0.03828125
0 0.5359375 0.14765625 0.04296875 0.05
0 0.57109375 0.1453125 0.0203125 0.04609375
0 0.5328125 0.1078125 0.0296875 0.0265625