0 0.34453125 0.46484375 0.0375 0.05859375
0 0.36640625 0.4421875 0.034375 0.0453125
0 0.359375 0.53359375 0.034375 0.05625
0 0.41171875 0.471875 0.03203125 0.03125
0 0.38828125 0.4921875 0.03359375 0.0296875
0 0.41796875 0.6265625 0.0609375 0.090625
0 0.4 0.53828125 0.03203125 0.053125
0 0.5109375 0.66953125 0.05703125 0.078125
0 0.5765625 0.71875 0.0671875 0.125
0 0.6359375 0.6984375 0.06953125 0.11953125
0 0.67734375 0.85078125 0.0484375 0.0796875
0 0.634375 0.86328125 0.07578125 0.13515625
0 0.63046875 0.778125 0.04609375 0.05546875
0 0.43984375 0.546875 0.03125 0.059375
0 0.53984375 0.61171875 0.03671875 0.05234375
0 0.57734375 0.6390625 0.046875 0.0453125
0 0.5078125 0.60703125 0.04453125 0.0375
0 0.45625 0.60703125 0.03828125 0.05546875
0 0.525 0.57421875 0.03359375 0.0359375
0 0.48203125 0.57265625 0.03984375 0.0484375