0 0.06015625 0.5375 0.1203125 0.24375
0 0.20234375 0.57421875 0.15625 0.209375
0 0.33046875 0.59375 0.11875 0.165625
0 0.4046875 0.60078125 0.1015625 0.13125
0 0.45703125 0.6578125 0.053125 0.06875
0 0.503125 0.63671875 0.09375 0.121875
0 0.58125 0.6421875 0.0640625 0.084375
0 0.6171875 0.6453125 0.0546875 0.0734375
0 0.646875 0.6515625 0.0609375 0.0765625
0 0.68828125 0.65703125 0.03125 0.0390625
0 0.74609375 0.6171875 0.0421875 0.053125
0 0.8 0.6078125 0.046875 0.0515625
0 0.77265625 0.63984375 0.021875 0.0390625
0 0.7921875 0.6328125 0.0296875 0.028125