0 0.30546875 0.50390625 0.1109375 0.1484375
0 0.36796875 0.5484375 0.09375 0.1203125
0 0.41796875 0.578125 0.065625 0.08125
0 0.35859375 0.62578125 0.065625 0.071875
0 0.44765625 0.61328125 0.0890625 0.103125
0 0.6171875 0.60625 0.0875 0.10625
0 0.45078125 0.68046875 0.05 0.05625
0 0.50859375 0.6671875 0.071875 0.0921875
0 0.5421875 0.69609375 0.05 0.0625
0 0.5609375 0.7046875 0.0390625 0.05
0 0.5734375 0.72109375 0.0296875 0.0375
0 0.57890625 0.72734375 0.04375 0.053125
0 0.73671875 0.80546875 0.0265625 0.034375
0 0.71484375 0.79765625 0.025 0.0328125
0 0.7 0.82421875 0.025 0.028125