0 0.05390625 0.46953125 0.1078125 0.1828125
0 0.2 0.534375 0.103125 0.175
0 0.30625 0.58203125 0.1140625 0.1625
0 0.39375 0.590625 0.0875 0.134375
0 0.46796875 0.61171875 0.084375 0.1015625
0 0.54609375 0.640625 0.0703125 0.090625
0 0.6828125 0.584375 0.0765625 0.0921875
0 0.76640625 0.6015625 0.0734375 0.0921875
0 0.5640625 0.69140625 0.05 0.040625
0 0.596875 0.65 0.046875 0.0625
0 0.6265625 0.6640625 0.05 0.0671875
0 0.65859375 0.6734375 0.025 0.04375
0 0.675 0.67265625 0.021875 0.0359375
0 0.81328125 0.68984375 0.0171875 0.028125
0 0.82421875 0.6890625 0.0171875 0.025