0 0.05859375 0.42734375 0.1171875 0.2234375
0 0.3046875 0.5796875 0.11875 0.1375
0 0.38828125 0.57578125 0.071875 0.090625
0 0.3328125 0.65234375 0.04375 0.046875
0 0.4828125 0.61796875 0.0625 0.0765625
0 0.45703125 0.66171875 0.05 0.025
0 0.540625 0.65703125 0.0546875 0.078125
0 0.5734375 0.66640625 0.040625 0.053125
0 0.62265625 0.59140625 0.071875 0.0875
0 0.646875 0.7046875 0.0359375 0.034375
0 0.61796875 0.70703125 0.028125 0.0453125
0 0.79375 0.7265625 0.01875 0.03125
0 0.775 0.7375 0.0171875 0.0265625
0 0.7703125 0.7671875 0.0125 0.0234375
0 0.7859375 0.76796875 0.0125 0.01875