0 0.3125 0.44921875 0.08125 0.13203125
0 0.38359375 0.42109375 0.0703125 0.10625
0 0.4390625 0.40390625 0.04921875 0.071875
0 0.39296875 0.34375 0.053125 0.06015625
0 0.4765625 0.37734375 0.06875 0.08984375
0 0.63984375 0.425 0.0671875 0.09296875
0 0.49609375 0.31328125 0.0390625 0.0484375
0 0.5484375 0.33984375 0.053125 0.08125
0 0.58828125 0.31953125 0.03828125 0.05546875
0 0.60859375 0.31640625 0.02890625 0.04375
0 0.625 0.303125 0.02265625 0.0328125
0 0.63125 0.2984375 0.0328125 0.04609375
0 0.80390625 0.2609375 0.01953125 0.03125
0 0.78046875 0.26328125 0.01875 0.02890625
0 0.77265625 0.23359375 0.01953125 0.02421875