0 0.078125 0.484375 0.15625 0.21875
0 0.20859375 0.44140625 0.1421875 0.18125
0 0.33046875 0.403125 0.121875 0.1515625
0 0.3984375 0.40546875 0.078125 0.1109375
0 0.453125 0.38125 0.090625 0.103125
0 0.4984375 0.375 0.0921875 0.1015625
0 0.55078125 0.36484375 0.0703125 0.0921875
0 0.48203125 0.3265625 0.04375 0.0375
0 0.58203125 0.31953125 0.0421875 0.04375
0 0.69140625 0.41328125 0.0640625 0.0765625
0 0.63125 0.35 0.0546875 0.059375
0 0.7765625 0.4328125 0.0609375 0.06875
0 0.75 0.39296875 0.05 0.0515625
0 0.834375 0.32578125 0.015625 0.021875
0 0.6796875 0.334375 0.053125 0.0515625