0 0.59765625 0.92109375 0.0859375 0.1171875
0 0.6484375 0.86953125 0.0671875 0.0953125
0 0.67265625 0.77109375 0.078125 0.0953125
0 0.575 0.75078125 0.0796875 0.109375
0 0.3265625 0.44296875 0.040625 0.0578125
0 0.60546875 0.65703125 0.0515625 0.0640625
0 0.55625 0.6625 0.0515625 0.0796875
0 0.51796875 0.646875 0.075 0.08125
0 0.478125 0.61875 0.0546875 0.0828125
0 0.44453125 0.5859375 0.04375 0.0765625
0 0.58046875 0.6171875 0.0453125 0.0515625
0 0.540625 0.60078125 0.028125 0.0421875
0 0.515625 0.57265625 0.0390625 0.0375
0 0.465625 0.51015625 0.034375 0.05
0 0.49375 0.55 0.0359375 0.0296875
0 0.38125 0.53046875 0.0453125 0.0734375
0 0.3421875 0.5109375 0.04375 0.05
0 0.37890625 0.43203125 0.034375 0.04375
0 0.41953125 0.52578125 0.0296875 0.05
0 0.375 0.4734375 0.025 0.040625
0 0.4296875 0.49609375 0.0203125 0.01875
0 0.4046875 0.46875 0.021875 0.0296875