0 0.89140625 0.34453125 0.1640625 0.2421875
0 0.5203125 0.10859375 0.234375 0.2171875
0 0.31640625 0.01171875 0.1390625 0.0234375
0 0.3953125 0.1625 0.1640625 0.2578125
0 0.29453125 0.1515625 0.1515625 0.171875
0 0.2875 0.2578125 0.1453125 0.171875
0 0.43984375 0.3921875 0.1125 0.1390625
0 0.3890625 0.3328125 0.11875 0.14375
0 0.30234375 0.37734375 0.0953125 0.1484375
0 0.4390625 0.5515625 0.0921875 0.115625
0 0.40078125 0.48046875 0.1078125 0.11875
0 0.35859375 0.43359375 0.0921875 0.09375
0 0.28671875 0.44921875 0.06875 0.05625
0 0.29453125 0.4890625 0.071875 0.0546875
0 0.334375 0.57578125 0.075 0.065625
0 0.3609375 0.5421875 0.0609375 0.075
0 0.32734375 0.503125 0.06875 0.0640625
0 0.3953125 0.58828125 0.04375 0.0671875
0 0.44921875 0.7640625 0.0203125 0.03125
0 0.3953125 0.628125 0.0375 0.0453125
0 0.3796875 0.671875 0.03125 0.03125
0 0.3828125 0.72421875 0.028125 0.040625