0 0.69375 0.06875 0.1859375 0.11875
0 0.6625 0.1953125 0.1875 0.21875
0 0.5453125 0.4703125 0.1140625 0.178125
0 0.51171875 0.53671875 0.084375 0.11875
0 0.48046875 0.62421875 0.0828125 0.096875
0 0.4234375 0.69140625 0.0625 0.0921875
0 0.4859375 0.68828125 0.0640625 0.06875
0 0.39609375 0.76015625 0.0484375 0.059375
0 0.44453125 0.7765625 0.053125 0.0828125
0 0.46796875 0.8484375 0.0453125 0.053125
0 0.4125 0.82421875 0.0484375 0.053125
0 0.3484375 0.81953125 0.0015625 0.0015625
0 0.38046875 0.846875 0.0453125 0.05
0 0.4171875 0.86015625 0.0390625 0.0359375
0 0.35703125 0.85625 0.028125 0.0421875
0 0.41796875 0.8953125 0.0265625 0.03125