0 0.34765625 0.95234375 0.1703125 0.0953125
0 0.4234375 0.71796875 0.16328125 0.234375
0 0.45078125 0.51171875 0.1359375 0.2203125
0 0.51875 0.3328125 0.09375 0.109375
0 0.571875 0.24921875 0.06328125 0.08125
0 0.5171875 0.253125 0.0453125 0.06640625
0 0.50859375 0.18359375 0.05078125 0.07578125
0 0.5390625 0.146875 0.0484375 0.059375
0 0.58046875 0.1484375 0.040625 0.05390625
0 0.49375 0.13125 0.02890625 0.03046875
0 0.5765625 0.1015625 0.03046875 0.03203125
0 0.5265625 0.1078125 0.02578125 0.03203125