0 0.0484375 0.715625 0.096875 0.2546875
0 0.6078125 0.90234375 0.17734375 0.1953125
0 0.559375 0.734375 0.11796875 0.159375
0 0.4875 0.709375 0.07578125 0.13984375
0 0.5 0.57109375 0.0859375 0.1140625
0 0.4671875 0.5 0.0796875 0.08828125
0 0.45390625 0.33515625 0.04140625 0.06171875
0 0.46953125 0.39140625 0.06484375 0.0671875
0 0.43828125 0.25703125 0.05390625 0.08125
0 0.421875 0.13046875 0.0421875 0.05078125
0 0.4390625 0.2140625 0.0359375 0.0421875
0 0.41640625 0.10390625 0.034375 0.03984375