0 0.47265625 0.8015625 0.1921875 0.26484375
0 0.25546875 0.8953125 0.1765625 0.209375
0 0.40078125 0.940625 0.13984375 0.1078125
0 0.19765625 0.771875 0.07890625 0.11640625
0 0.32578125 0.79765625 0.0875 0.11015625
0 0.2546875 0.70703125 0.13359375 0.1421875
0 0.32265625 0.68359375 0.09453125 0.11015625
0 0.42734375 0.61015625 0.08828125 0.10546875
0 0.30703125 0.60859375 0.12109375 0.1015625
0 0.27734375 0.5515625 0.07890625 0.06796875
0 0.38828125 0.503125 0.07109375 0.14765625
0 0.46640625 0.42421875 0.04609375 0.06875
0 0.525 0.26328125 0.01953125 0.03515625
0 0.321875 0.50625 0.06484375 0.09453125
0 0.2953125 0.4421875 0.034375 0.040625
0 0.32734375 0.44921875 0.04609375 0.0421875
0 0.421875 0.4140625 0.04140625 0.0484375
0 0.30859375 0.403125 0.04609375 0.0390625
0 0.36875 0.40546875 0.0625 0.04453125
0 0.4203125 0.371875 0.040625 0.034375
0 0.421875 0.2265625 0.01640625 0.03515625
0 0.42734375 0.32109375 0.03125 0.0328125