0 0.31484375 0.478125 0.0296875 0.040625
0 0.33671875 0.50859375 0.0453125 0.0578125
0 0.38359375 0.521875 0.0578125 0.0671875
0 0.43515625 0.5796875 0.0515625 0.059375
0 0.44296875 0.51328125 0.03125 0.0390625
0 0.421875 0.52421875 0.0265625 0.0328125
0 0.38671875 0.58046875 0.0484375 0.059375
0 0.4734375 0.65625 0.0859375 0.103125
0 0.57421875 0.65546875 0.0875 0.1046875
0 0.609375 0.62578125 0.05625 0.0703125
0 0.53125 0.59921875 0.0546875 0.0515625
0 0.48359375 0.57421875 0.04375 0.05
0 0.61640625 0.74921875 0.0765625 0.1140625
0 0.67109375 0.871875 0.096875 0.0984375
0 0.7453125 0.91953125 0.0890625 0.0984375
0 0.80703125 0.91953125 0.059375 0.0734375
0 0.7546875 0.8375 0.071875 0.09375
0 0.71484375 0.7625 0.0765625 0.1125
0 0.5796875 0.58671875 0.046875 0.04375
0 0.46953125 0.5328125 0.0421875 0.05