0 0.928125 0.54921875 0.14375 0.2171875
0 0.77265625 0.4796875 0.10625 0.1703125
0 0.68828125 0.40390625 0.0625 0.1359375
0 0.54609375 0.38984375 0.0546875 0.0921875
0 0.5015625 0.3765625 0.046875 0.06875
0 0.53359375 0.3296875 0.0421875 0.0390625
0 0.44765625 0.33984375 0.059375 0.075
0 0.4171875 0.3328125 0.0359375 0.0578125
0 0.4328125 0.29296875 0.021875 0.0203125
0 0.303125 0.38046875 0.04375 0.071875
0 0.2359375 0.375 0.0296875 0.059375
0 0.30625 0.340625 0.040625 0.0359375
0 0.2625 0.33203125 0.028125 0.0453125
0 0.37890625 0.31640625 0.0328125 0.0515625