0 0.29140625 0.17265625 0.03046875 0.0578125
0 0.6 0.95390625 0.128125 0.09140625
0 0.5484375 0.83046875 0.19453125 0.20625
0 0.4984375 0.71328125 0.08359375 0.05546875
0 0.4890625 0.61015625 0.090625 0.11796875
0 0.45859375 0.48671875 0.05859375 0.09921875
0 0.44765625 0.3015625 0.05546875 0.0875
0 0.4375 0.2546875 0.046875 0.04296875
0 0.44140625 0.17265625 0.03671875 0.06953125
0 0.4171875 0.15078125 0.03046875 0.040625
0 0.82578125 0.3890625 0.05703125 0.1328125
0 0.4171875 0.09921875 0.03046875 0.03984375