0 0.66875 0.0453125 0.0625 0.06875
0 0.73359375 0.134375 0.0890625 0.115625
0 0.6515625 0.15078125 0.0734375 0.0875
0 0.70234375 0.25078125 0.0875 0.103125
0 0.5046875 0.32890625 0.08125 0.1
0 0.6421875 0.31875 0.0671875 0.090625
0 0.57109375 0.34296875 0.053125 0.075
0 0.6109375 0.38046875 0.0515625 0.059375
0 0.4140625 0.37890625 0.0390625 0.0765625
0 0.57109375 0.40859375 0.034375 0.0390625
0 0.53046875 0.39375 0.05 0.05625
0 0.4765625 0.3859375 0.0515625 0.078125
0 0.3953125 0.4515625 0.0515625 0.05625
0 0.4375 0.45078125 0.0421875 0.05625
0 0.4671875 0.43984375 0.0359375 0.046875
0 0.51171875 0.4390625 0.025 0.0421875
0 0.48046875 0.46640625 0.034375 0.06875
0 0.37109375 0.48984375 0.040625 0.059375
0 0.403125 0.49296875 0.0203125 0.034375
0 0.43203125 0.49609375 0.021875 0.0390625