0 0.35078125 0.5546875 0.0296875 0.0421875
0 0.328125 0.5078125 0.0453125 0.05625
0 0.37578125 0.50859375 0.0390625 0.0546875
0 0.40859375 0.5265625 0.025 0.01875
0 0.371875 0.43515625 0.059375 0.071875
0 0.4703125 0.47421875 0.03125 0.025
0 0.42578125 0.475 0.0328125 0.0328125
0 0.40234375 0.4484375 0.03125 0.0390625
0 0.45390625 0.39375 0.0546875 0.0734375
0 0.42265625 0.4171875 0.040625 0.05625
0 0.48046875 0.45 0.0375 0.0453125
0 0.4484375 0.44765625 0.046875 0.0453125
0 0.54921875 0.43203125 0.0390625 0.0484375
0 0.59140625 0.37890625 0.0375 0.05625
0 0.50078125 0.4 0.05625 0.071875
0 0.5375 0.378125 0.0671875 0.0859375
0 0.5203125 0.30625 0.075 0.103125
0 0.515625 0.20234375 0.0875 0.1078125
0 0.63046875 0.28203125 0.08125 0.1140625
0 0.68125 0.18203125 0.09375 0.13125
0 0.74765625 0.12109375 0.09375 0.1234375
0 0.753125 0.0375 0.0625 0.0328125