0 0.2953125 0.90078125 0.153125 0.1984375
0 0.21328125 0.77578125 0.1 0.128125
0 0.39765625 0.7140625 0.1390625 0.18359375
0 0.240625 0.678125 0.10234375 0.1484375
0 0.4390625 0.5765625 0.1 0.12265625
0 0.29765625 0.64375 0.0890625 0.1203125
0 0.253125 0.5671875 0.0828125 0.0875
0 0.4984375 0.45859375 0.065625 0.10390625
0 0.33671875 0.5203125 0.07890625 0.06171875
0 0.36015625 0.57109375 0.05390625 0.08359375
0 0.28828125 0.48359375 0.04375 0.075
0 0.3171875 0.390625 0.06171875 0.06796875
0 0.3265625 0.4484375 0.07265625 0.0765625
0 0.45234375 0.40703125 0.04453125 0.05625
0 0.4359375 0.45703125 0.05546875 0.084375
0 0.4 0.47109375 0.07421875 0.06171875
0 0.3765625 0.42578125 0.04375 0.06328125
0 0.4 0.40546875 0.04375 0.05390625
0 0.490625 0.21640625 0.01875 0.03046875