0 0.62421875 0.6828125 0.0640625 0.1140625
0 0.53125 0.69609375 0.0515625 0.115625
0 0.4921875 0.63671875 0.0453125 0.07421875
0 0.55546875 0.5921875 0.05859375 0.03125
0 0.55078125 0.64296875 0.0515625 0.07890625
0 0.3328125 0.484375 0.0390625 0.07578125
0 0.3609375 0.43125 0.03203125 0.03671875
0 0.36953125 0.4703125 0.03125 0.040625
0 0.41796875 0.46328125 0.034375 0.03984375
0 0.38828125 0.5296875 0.0328125 0.05546875
0 0.41328125 0.54765625 0.03359375 0.05390625
0 0.4515625 0.57109375 0.05 0.06484375
0 0.51328125 0.56484375 0.03046875 0.03984375
0 0.45546875 0.51640625 0.03515625 0.040625