0 0.76484375 0.8640625 0.1828125 0.2203125
0 0.8265625 0.72734375 0.11875 0.1421875
0 0.634375 0.6953125 0.165625 0.203125
0 0.784375 0.63515625 0.125 0.1625
0 0.571875 0.56640625 0.1171875 0.1375
0 0.72265625 0.61015625 0.10625 0.1328125
0 0.7546875 0.528125 0.0953125 0.1
0 0.4953125 0.45859375 0.08125 0.1125
0 0.6640625 0.49453125 0.0875 0.0734375
0 0.64921875 0.5484375 0.065625 0.090625
0 0.70625 0.45078125 0.0546875 0.08125
0 0.66328125 0.36328125 0.071875 0.0765625
0 0.66328125 0.421875 0.084375 0.0875
0 0.5328125 0.40078125 0.053125 0.0625
0 0.55625 0.44765625 0.06875 0.0921875
0 0.59453125 0.45546875 0.0828125 0.071875
0 0.61015625 0.40703125 0.053125 0.06875
0 0.58359375 0.390625 0.0515625 0.059375
0 0.46484375 0.21875 0.0234375 0.0328125