0 0.63125 0.40625 0.040625 0.059375
0 0.659375 0.484375 0.0453125 0.05
0 0.62734375 0.5296875 0.0546875 0.0765625
0 0.55625 0.48125 0.034375 0.0421875
0 0.59296875 0.46875 0.0296875 0.0203125
0 0.596875 0.4875 0.0359375 0.028125
0 0.546875 0.50625 0.0390625 0.0265625
0 0.58515625 0.51328125 0.0375 0.0296875
0 0.5859375 0.6390625 0.0828125 0.1078125
0 0.38515625 0.9171875 0.0953125 0.1125
0 0.38046875 0.75390625 0.0765625 0.1328125
0 0.4171875 0.68515625 0.0640625 0.1
0 0.521875 0.65703125 0.075 0.1203125
0 0.46796875 0.66484375 0.05625 0.0984375
0 0.51015625 0.553125 0.0453125 0.046875
0 0.5703125 0.565625 0.05625 0.059375
0 0.496875 0.58828125 0.040625 0.0296875