0 0.0921875 0.37109375 0.1734375 0.2015625
0 0.2234375 0.47890625 0.109375 0.171875
0 0.3203125 0.525 0.071875 0.1109375
0 0.3765625 0.56171875 0.08125 0.103125
0 0.43671875 0.60390625 0.0796875 0.109375
0 0.52265625 0.67265625 0.06875 0.09375
0 0.30625 0.58671875 0.0765625 0.0703125
0 0.35 0.6203125 0.0484375 0.0546875
0 0.56328125 0.67734375 0.046875 0.0734375
0 0.58515625 0.69765625 0.0484375 0.05
0 0.6078125 0.71640625 0.046875 0.053125
0 0.721875 0.64453125 0.0828125 0.103125
0 0.73984375 0.76640625 0.025 0.04375
0 0.759375 0.76953125 0.0203125 0.028125