0 0.07109375 0.4234375 0.125 0.2015625
0 0.2171875 0.48828125 0.096875 0.134375
0 0.32265625 0.55703125 0.0734375 0.1359375
0 0.39140625 0.58203125 0.0828125 0.1046875
0 0.4515625 0.61015625 0.05 0.109375
0 0.4828125 0.63046875 0.059375 0.0875
0 0.51953125 0.65390625 0.0484375 0.090625
0 0.46875 0.678125 0.034375 0.015625
0 0.56015625 0.6640625 0.046875 0.0796875
0 0.5953125 0.68515625 0.0375 0.04375
0 0.625 0.7015625 0.0375 0.0671875
0 0.7703125 0.71796875 0.0234375 0.0453125
0 0.78203125 0.7078125 0.01875 0.028125
0 0.74609375 0.709375 0.025 0.040625