0 0.628125 0.96796875 0.05703125 0.0640625
0 0.70078125 0.884375 0.0796875 0.10859375
0 0.6203125 0.8609375 0.06640625 0.08203125
0 0.6796875 0.765625 0.07890625 0.09609375
0 0.48984375 0.67109375 0.07265625 0.09375
0 0.62578125 0.69296875 0.06015625 0.0859375
0 0.55703125 0.6625 0.04765625 0.07109375
0 0.6 0.62890625 0.04609375 0.05625
0 0.40390625 0.61328125 0.03203125 0.07421875
0 0.5625 0.596875 0.03203125 0.0359375
0 0.52109375 0.60859375 0.04609375 0.05234375
0 0.46640625 0.61171875 0.04453125 0.07421875
0 0.39140625 0.5390625 0.04765625 0.05234375
0 0.43359375 0.54375 0.03828125 0.053125
0 0.46171875 0.55703125 0.03203125 0.04453125
0 0.50625 0.56171875 0.021875 0.03984375
0 0.47734375 0.53203125 0.028125 0.06640625
0 0.3703125 0.49921875 0.03515625 0.05625
0 0.403125 0.4984375 0.0171875 0.0328125
0 0.43203125 0.49765625 0.01875 0.0375