0 0.06484375 0.58828125 0.12109375 0.2375
0 0.2015625 0.5109375 0.09375 0.16640625
0 0.303125 0.45234375 0.07421875 0.13515625
0 0.43359375 0.41015625 0.06484375 0.11953125
0 0.68984375 0.4265625 0.071875 0.11484375
0 0.4859375 0.38203125 0.05546875 0.075
0 0.54765625 0.3484375 0.0453125 0.0625
0 0.675 0.35390625 0.040625 0.0578125
0 0.79453125 0.28671875 0.01640625 0.0328125
0 0.775 0.2578125 0.0140625 0.01796875
0 0.78828125 0.26640625 0.0140625 0.01875
0 0.4859375 0.33515625 0.02734375 0.0515625
0 0.5015625 0.334375 0.02109375 0.05703125
0 0.540625 0.315625 0.02890625 0.0234375
0 0.5953125 0.321875 0.02421875 0.05
0 0.64453125 0.29921875 0.03203125 0.04765625