0 0.6375 0.4484375 0.0375 0.0515625
0 0.64296875 0.490625 0.040625 0.046875
0 0.6203125 0.534375 0.0484375 0.0859375
0 0.58828125 0.49140625 0.05 0.040625
0 0.559375 0.64453125 0.053125 0.09375
0 0.58671875 0.58046875 0.0546875 0.053125
0 0.38125 0.659375 0.071875 0.1046875
0 0.43828125 0.64609375 0.0515625 0.0921875
0 0.4984375 0.62890625 0.0515625 0.0671875
0 0.5296875 0.6 0.0453125 0.05625
0 0.54609375 0.5125 0.034375 0.046875
0 0.57578125 0.5234375 0.0359375 0.0625
0 0.54296875 0.54375 0.0421875 0.0546875
0 0.49765625 0.5453125 0.0421875 0.034375
0 0.521875 0.5609375 0.034375 0.025
0 0.4921875 0.5859375 0.040625 0.0296875
0 0.46328125 0.6046875 0.040625 0.05625
0 0.3046875 0.78671875 0.0765625 0.1390625
0 0.33984375 0.825 0.090625 0.1265625
0 0.41015625 0.89140625 0.0859375 0.1125
0 0.31796875 0.94375 0.090625 0.090625