0 0.25703125 0.63984375 0.146875 0.21875
0 0.275 0.9109375 0.1953125 0.1421875
0 0.54375 0.86796875 0.19375 0.2640625
0 0.67734375 0.90625 0.1671875 0.1875
0 0.7265625 0.7421875 0.096875 0.128125
0 0.5515625 0.7171875 0.121875 0.13125
0 0.646875 0.79375 0.121875 0.146875
0 0.615625 0.67734375 0.1328125 0.134375
0 0.72734375 0.6703125 0.1015625 0.1
0 0.57734375 0.553125 0.0890625 0.1390625
0 0.68984375 0.59765625 0.115625 0.1140625
0 0.64375 0.53671875 0.103125 0.1125
0 0.5640625 0.425 0.08125 0.1
0 0.5984375 0.47734375 0.103125 0.103125
0 0.709375 0.53671875 0.0875 0.0671875
0 0.70390625 0.41875 0.0625 0.0515625
0 0.6359375 0.4234375 0.046875 0.0671875
0 0.67421875 0.4546875 0.0765625 0.0734375
0 0.70703125 0.496875 0.0671875 0.0515625
0 0.54140625 0.2421875 0.0390625 0.046875
0 0.59921875 0.34296875 0.05 0.0421875
0 0.61015625 0.290625 0.0328125 0.0375