0 0.04375 0.628125 0.0875 0.309375
0 0.275 0.65625 0.1296875 0.2109375
0 0.50703125 0.83125 0.1796875 0.2484375
0 0.7125 0.978125 0.15625 0.04375
0 0.571875 0.94765625 0.1375 0.1046875
0 0.70703125 0.9078125 0.16875 0.1828125
0 0.62578125 0.83828125 0.121875 0.1671875
0 0.75078125 0.8046875 0.09375 0.0921875
0 0.53203125 0.65703125 0.0984375 0.14375
0 0.68515625 0.72734375 0.1625 0.153125
0 0.71953125 0.6671875 0.10625 0.0796875
0 0.596875 0.590625 0.125 0.19375
0 0.67578125 0.6046875 0.096875 0.134375
0 0.59921875 0.43203125 0.05625 0.078125
0 0.715625 0.53203125 0.046875 0.059375
0 0.6765625 0.534375 0.0625 0.071875
0 0.528125 0.2625 0.040625 0.059375
0 0.71015625 0.48515625 0.0609375 0.0625
0 0.64453125 0.46875 0.06875 0.0515625
0 0.684375 0.45234375 0.059375 0.065625
0 0.56875 0.43125 0.040625 0.05
0 0.60703125 0.35390625 0.0390625 0.0390625
0 0.5890625 0.3796875 0.04375 0.0546875