0 0.71328125 0.18671875 0.1015625 0.1140625
0 0.82109375 0.10234375 0.103125 0.1046875
0 0.51796875 0.3625 0.0671875 0.0921875
0 0.60625 0.38359375 0.065625 0.0921875
0 0.4796875 0.39609375 0.0453125 0.0734375
0 0.56796875 0.41875 0.04375 0.059375
0 0.384375 0.4703125 0.0546875 0.0921875
0 0.33828125 0.50234375 0.0484375 0.0796875
0 0.31640625 0.49375 0.0359375 0.06875
0 0.4046875 0.5125 0.034375 0.046875
0 0.371875 0.53515625 0.0296875 0.04375
0 0.4625 0.47578125 0.0296875 0.03125
0 0.490625 0.471875 0.0375 0.0421875
0 0.440625 0.43515625 0.0546875 0.0734375
0 0.42578125 0.4734375 0.04375 0.04375
0 0.5421875 0.43984375 0.0421875 0.0453125
0 0.5265625 0.40390625 0.0453125 0.0546875