0 0.0890625 0.67734375 0.1671875 0.2453125
0 0.29140625 0.4703125 0.1484375 0.1625
0 0.3734375 0.453125 0.0921875 0.10625
0 0.30078125 0.39296875 0.053125 0.05625
0 0.4546875 0.38984375 0.078125 0.0890625
0 0.41953125 0.353125 0.053125 0.0359375
0 0.5015625 0.3375 0.071875 0.0875
0 0.53125 0.32109375 0.053125 0.0609375
0 0.596875 0.38125 0.090625 0.1015625
0 0.59296875 0.265625 0.04375 0.0421875
0 0.5640625 0.2703125 0.0390625 0.0515625
0 0.73046875 0.209375 0.0265625 0.0359375
0 0.709375 0.203125 0.0234375 0.0296875
0 0.69765625 0.175 0.0171875 0.025
0 0.7125 0.17109375 0.0171875 0.0203125