0 0.3109375 0.4734375 0.03125 0.0578125
0 0.72578125 0.928125 0.0984375 0.1046875
0 0.69140625 0.8390625 0.09375 0.0953125
0 0.68125 0.76484375 0.0765625 0.0921875
0 0.57578125 0.709375 0.078125 0.159375
0 0.63671875 0.67734375 0.078125 0.1125
0 0.53125 0.63046875 0.0703125 0.08125
0 0.6125 0.6234375 0.065625 0.0796875
0 0.5625 0.58359375 0.0390625 0.0453125
0 0.49453125 0.60625 0.065625 0.0765625
0 0.4578125 0.58828125 0.059375 0.078125
0 0.4328125 0.57421875 0.0578125 0.0796875
0 0.49140625 0.546875 0.0421875 0.040625
0 0.45546875 0.51796875 0.025 0.0296875
0 0.44140625 0.49296875 0.0328125 0.046875
0 0.4046875 0.51484375 0.0390625 0.0546875
0 0.36328125 0.515625 0.040625 0.071875
0 0.3359375 0.515625 0.028125 0.0453125
0 0.378125 0.46328125 0.0328125 0.040625
0 0.4109375 0.48046875 0.0328125 0.03125