0 0.91796875 0.5234375 0.0578125 0.12578125
0 0.9859375 0.61796875 0.028125 0.11484375
0 0.81875 0.68359375 0.15859375 0.234375
0 0.41953125 0.8453125 0.14375 0.21796875
0 0.25 0.73203125 0.11328125 0.1828125
0 0.390625 0.7203125 0.1390625 0.140625
0 0.43203125 0.6421875 0.1015625 0.0828125
0 0.28828125 0.59453125 0.0875 0.0984375
0 0.44375 0.56015625 0.08515625 0.10625
0 0.32421875 0.52734375 0.0984375 0.103125
0 0.38984375 0.44140625 0.078125 0.09453125
0 0.41875 0.5125 0.07421875 0.0828125
0 0.3234375 0.4484375 0.05 0.06796875
0 0.44609375 0.3765625 0.04140625 0.06484375
0 0.53203125 0.2734375 0.02578125 0.03046875
0 0.31484375 0.36796875 0.046875 0.04375
0 0.425 0.29375 0.028125 0.02734375
0 0.42109375 0.33828125 0.03671875 0.040625
0 0.33359375 0.66328125 0.06640625 0.0625