0 0.925 0.58671875 0.146875 0.215625
0 0.7734375 0.503125 0.1046875 0.16875
0 0.69609375 0.42109375 0.059375 0.134375
0 0.55546875 0.39375 0.053125 0.090625
0 0.5125 0.3765625 0.0453125 0.0671875
0 0.54765625 0.33359375 0.0421875 0.0375
0 0.46171875 0.3359375 0.0578125 0.075
0 0.43203125 0.3265625 0.034375 0.05625
0 0.45078125 0.28828125 0.0203125 0.0203125
0 0.3140625 0.3640625 0.04375 0.0703125
0 0.24765625 0.353125 0.0296875 0.059375
0 0.32109375 0.32421875 0.040625 0.034375
0 0.278125 0.31171875 0.028125 0.0453125
0 0.39609375 0.30625 0.0328125 0.0515625