0 0.7140625 0.03515625 0.046875 0.0359375
0 0.7640625 0.07109375 0.103125 0.1
0 0.63203125 0.23828125 0.078125 0.11875
0 0.5171875 0.24921875 0.0859375 0.1359375
0 0.625 0.35078125 0.0625 0.090625
0 0.55 0.296875 0.071875 0.1140625
0 0.5734375 0.34921875 0.0671875 0.1015625
0 0.52734375 0.390625 0.0484375 0.0703125
0 0.41640625 0.4 0.05 0.0796875
0 0.36328125 0.4828125 0.053125 0.0671875
0 0.4 0.51953125 0.0390625 0.0484375
0 0.35703125 0.52109375 0.0359375 0.0328125
0 0.42890625 0.4765625 0.0375 0.0375
0 0.4015625 0.4484375 0.0515625 0.0390625
0 0.47109375 0.475 0.03125 0.0375
0 0.45078125 0.45703125 0.034375 0.03125
0 0.4390625 0.421875 0.0328125 0.0484375
0 0.46640625 0.4046875 0.034375 0.053125
0 0.47109375 0.44453125 0.034375 0.0328125
0 0.50390625 0.42265625 0.04375 0.06875