0 0.0453125 0.68359375 0.090625 0.2609375
0 0.5796875 0.90234375 0.190625 0.1953125
0 0.54296875 0.73828125 0.128125 0.1671875
0 0.47265625 0.7078125 0.0859375 0.1453125
0 0.4953125 0.57109375 0.09375 0.1203125
0 0.4671875 0.49765625 0.0859375 0.09375
0 0.465625 0.33203125 0.0453125 0.0640625
0 0.47734375 0.38984375 0.06875 0.071875
0 0.45546875 0.253125 0.059375 0.084375
0 0.44765625 0.12578125 0.0453125 0.053125
0 0.459375 0.21015625 0.0390625 0.0453125
0 0.44453125 0.09921875 0.0375 0.0421875