0 0.89296875 0.31640625 0.1765625 0.2171875
0 0.7859375 0.4203125 0.140625 0.1796875
0 0.6953125 0.509375 0.1203125 0.1515625
0 0.6328125 0.53828125 0.0765625 0.1109375
0 0.5953125 0.584375 0.0890625 0.103125
0 0.55859375 0.6109375 0.090625 0.1
0 0.51640625 0.64375 0.06875 0.0921875
0 0.59453125 0.646875 0.04375 0.0359375
0 0.50859375 0.6984375 0.0421875 0.0421875
0 0.36875 0.6640625 0.0625 0.075
0 0.45078125 0.69375 0.0546875 0.059375
0 0.28359375 0.68515625 0.0609375 0.06875
0 0.32578125 0.70859375 0.0484375 0.0515625
0 0.28125 0.80703125 0.015625 0.021875
0 0.41484375 0.72890625 0.053125 0.05