0 0.3359375 0.1 0.02421875 0.04140625
0 0.1984375 0.68671875 0.18828125 0.28984375
0 0.653125 0.934375 0.2015625 0.13046875
0 0.5640625 0.79453125 0.16328125 0.19609375
0 0.50625 0.67109375 0.10703125 0.10625
0 0.48046875 0.571875 0.08515625 0.12109375
0 0.50625 0.49453125 0.06953125 0.12109375
0 0.478125 0.4078125 0.0609375 0.0890625
0 0.45546875 0.3453125 0.0390625 0.05390625
0 0.45390625 0.19921875 0.0390625 0.04921875
0 0.45703125 0.2890625 0.0609375 0.046875
0 0.428125 0.2296875 0.0328125 0.046875
0 0.45078125 0.2515625 0.065625 0.028125
0 0.43203125 0.1671875 0.03359375 0.03125
0 0.42265625 0.1265625 0.025 0.0390625