0 0.28203125 0.33046875 0.0625 0.125
0 0.6078125 0.92578125 0.19375 0.1484375
0 0.5703125 0.80234375 0.16796875 0.159375
0 0.52265625 0.6125 0.1078125 0.0875
0 0.534375 0.6890625 0.10546875 0.07265625
0 0.47109375 0.48203125 0.0703125 0.0953125
0 0.4390625 0.27421875 0.0515625 0.08203125
0 0.4625 0.39375 0.04921875 0.05546875
0 0.43671875 0.19453125 0.03359375 0.05234375
0 0.33984375 0.10390625 0.01640625 0.03046875
0 0.44453125 0.1703125 0.0296875 0.03125
0 0.42421875 0.15078125 0.0296875 0.02890625
0 0.42265625 0.1078125 0.0265625 0.03203125