0 0.4765625 0.94609375 0.153125 0.1078125
0 0.5078125 0.81953125 0.1828125 0.1890625
0 0.53046875 0.70625 0.1078125 0.0984375
0 0.51328125 0.56328125 0.1109375 0.103125
0 0.5046875 0.6671875 0.11875 0.11875
0 0.51171875 0.45546875 0.0796875 0.115625
0 0.496875 0.34921875 0.0671875 0.0703125
0 0.5 0.2890625 0.08125 0.065625
0 0.48359375 0.190625 0.0515625 0.0515625
0 0.4828125 0.240625 0.0578125 0.0515625
0 0.4765625 0.14765625 0.0453125 0.05
0 0.47734375 0.125 0.0359375 0.0359375
0 0.4609375 0.11171875 0.034375 0.0296875