0 0.071875 0.571875 0.13984375 0.21015625
0 0.2265625 0.49375 0.0984375 0.16484375
0 0.30703125 0.4140625 0.05546875 0.1328125
0 0.4484375 0.3921875 0.05 0.0890625
0 0.4921875 0.3765625 0.04375 0.06640625
0 0.4578125 0.33203125 0.040625 0.03671875
0 0.54375 0.3375 0.05546875 0.07265625
0 0.57421875 0.32890625 0.0328125 0.05546875
0 0.55625 0.28984375 0.0203125 0.01953125
0 0.690625 0.3703125 0.040625 0.06953125
0 0.75703125 0.36171875 0.02734375 0.05859375
0 0.68515625 0.33046875 0.0390625 0.03359375
0 0.728125 0.31953125 0.0265625 0.04453125
0 0.6109375 0.31015625 0.03046875 0.05078125