0 0.4203125 0.0859375 0.109375 0.1234375
0 0.49921875 0.06015625 0.1109375 0.1203125
0 0.4140625 0.25703125 0.084375 0.1125
0 0.4546875 0.1671875 0.0734375 0.0921875
0 0.515625 0.18046875 0.1078125 0.1453125
0 0.59609375 0.22578125 0.0984375 0.1484375
0 0.484375 0.309375 0.1 0.11875
0 0.5625 0.3390625 0.096875 0.109375
0 0.61640625 0.45625 0.0609375 0.078125
0 0.6390625 0.496875 0.053125 0.059375
0 0.63671875 0.575 0.04375 0.0671875
0 0.61640625 0.54765625 0.040625 0.0515625
0 0.64921875 0.59609375 0.046875 0.0703125
0 0.57421875 0.57109375 0.04375 0.059375
0 0.58828125 0.52265625 0.0359375 0.04375
0 0.5421875 0.4890625 0.034375 0.0421875
0 0.57890625 0.49140625 0.046875 0.0609375
0 0.5578125 0.4609375 0.0640625 0.0625
0 0.47578125 0.36484375 0.0484375 0.0453125
0 0.5578125 0.41015625 0.06875 0.071875
0 0.521875 0.46796875 0.0546875 0.04375