0 0.353125 0.56640625 0.0359375 0.05625
0 0.340625 0.484375 0.040625 0.046875
0 0.38046875 0.446875 0.05 0.071875
0 0.440625 0.5078125 0.03125 0.0390625
0 0.403125 0.51328125 0.028125 0.0171875
0 0.40234375 0.49375 0.034375 0.0265625
0 0.45546875 0.48515625 0.0375 0.0234375
0 0.41875 0.4703125 0.0359375 0.0265625
0 0.4421875 0.346875 0.075 0.103125
0 0.6921875 0.1125 0.0875 0.10625
0 0.665625 0.2734375 0.0671875 0.128125
0 0.61640625 0.334375 0.05625 0.0953125
0 0.50859375 0.34140625 0.065625 0.115625
0 0.56328125 0.34453125 0.0484375 0.0953125
0 0.50078125 0.44609375 0.040625 0.04375
0 0.44375 0.421875 0.053125 0.05625
0 0.5203125 0.4140625 0.0390625 0.0265625