0 0.315625 0.45078125 0.02421875 0.0546875
0 0.671875 0.95234375 0.0875 0.0953125
0 0.6484375 0.86015625 0.08359375 0.0859375
0 0.64765625 0.78515625 0.06640625 0.084375
0 0.55 0.7171875 0.059375 0.153125
0 0.6140625 0.69296875 0.06640625 0.10546875
0 0.51484375 0.63359375 0.0625 0.07421875
0 0.596875 0.6359375 0.0578125 0.0734375
0 0.5515625 0.590625 0.03359375 0.0421875
0 0.48125 0.6046875 0.0578125 0.06953125
0 0.44765625 0.5828125 0.0515625 0.071875
0 0.42421875 0.565625 0.04921875 0.07421875
0 0.4859375 0.5453125 0.03828125 0.03671875
0 0.45390625 0.5125 0.02265625 0.0265625
0 0.44296875 0.4859375 0.028125 0.04453125
0 0.40390625 0.503125 0.0328125 0.05078125
0 0.3625 0.49921875 0.03203125 0.06796875
0 0.33515625 0.4953125 0.0234375 0.0421875
0 0.38359375 0.4484375 0.028125 0.0375
0 0.4140625 0.46953125 0.0296875 0.02734375