0 0.078125 0.57109375 0.14921875 0.18203125
0 0.2234375 0.4828125 0.08828125 0.16171875
0 0.32578125 0.45 0.05859375 0.10390625
0 0.3859375 0.421875 0.06796875 0.0953125
0 0.4515625 0.38828125 0.065625 0.10078125
0 0.54609375 0.33203125 0.0578125 0.08671875
0 0.3203125 0.3875 0.06875 0.06171875
0 0.36796875 0.36015625 0.04140625 0.05
0 0.5875 0.33359375 0.0375 0.06875
0 0.61171875 0.31640625 0.04296875 0.04375
0 0.63671875 0.30078125 0.040625 0.04765625
0 0.73984375 0.3875 0.0703125 0.09375
0 0.77421875 0.26953125 0.0203125 0.040625
0 0.79453125 0.26953125 0.01640625 0.0265625