0 0.0625 0.584375 0.121875 0.21484375
0 0.19296875 0.53046875 0.08359375 0.12265625
0 0.29921875 0.453125 0.08828125 0.13515625
0 0.384375 0.4234375 0.06796875 0.1140625
0 0.42734375 0.40390625 0.06328125 0.09140625
0 0.47734375 0.384375 0.04453125 0.07421875
0 0.46875 0.33046875 0.04453125 0.05859375
0 0.71640625 0.403125 0.06640625 0.1015625
0 0.7859375 0.2953125 0.01328125 0.02734375
0 0.54375 0.34453125 0.0359375 0.06796875
0 0.515625 0.33828125 0.034375 0.06484375
0 0.5671875 0.3265625 0.04921875 0.0703125
0 0.60546875 0.3125 0.0328125 0.04921875
0 0.6203125 0.30390625 0.03046875 0.04453125