0 0.92421875 0.48515625 0.1484375 0.203125
0 0.7578125 0.5421875 0.0953125 0.15
0 0.70390625 0.63515625 0.0515625 0.084375
0 0.61015625 0.590625 0.09375 0.1171875
0 0.5578125 0.65703125 0.0546875 0.0859375
0 0.53125 0.61953125 0.06875 0.1140625
0 0.48828125 0.62578125 0.05625 0.071875
0 0.25625 0.59921875 0.065625 0.078125
0 0.47578125 0.68828125 0.0375 0.0453125
0 0.4546875 0.64140625 0.04375 0.06875
0 0.30546875 0.609375 0.059375 0.084375
0 0.42265625 0.64765625 0.0484375 0.0765625
0 0.3421875 0.6859375 0.04375 0.0609375
0 0.28046875 0.6390625 0.03125 0.021875
0 0.390625 0.6703125 0.040625 0.0546875