0 0.265625 0.59921875 0.1109375 0.1796875
0 0.56640625 0.1453125 0.1734375 0.290625
0 0.47734375 0.26171875 0.1328125 0.159375
0 0.4953125 0.3484375 0.10625 0.06875
0 0.47578125 0.434375 0.0859375 0.0921875
0 0.4828125 0.51796875 0.0703125 0.1015625
0 0.4484375 0.65234375 0.0640625 0.0875
0 0.49765625 0.65625 0.0546875 0.0828125
0 0.46484375 0.76171875 0.04375 0.05
0 0.48671875 0.7125 0.065625 0.053125
0 0.4703125 0.79765625 0.03125 0.0375
0 0.4703125 0.85234375 0.0375 0.0640625
0 0.3984375 0.915625 0.015625 0.021875
0 0.46953125 0.89765625 0.0359375 0.0390625