0 0.93359375 0.59609375 0.125 0.2390625
0 0.7984375 0.51640625 0.096875 0.16875
0 0.69765625 0.45546875 0.0765625 0.1359375
0 0.56796875 0.41171875 0.0671875 0.1203125
0 0.31171875 0.4234375 0.0734375 0.115625
0 0.51640625 0.38203125 0.05625 0.0765625
0 0.4546875 0.34765625 0.046875 0.0640625
0 0.32734375 0.35078125 0.0421875 0.0578125
0 0.209375 0.28125 0.0171875 0.0328125
0 0.22890625 0.253125 0.0140625 0.01875
0 0.215625 0.26171875 0.0140625 0.01875
0 0.5171875 0.33515625 0.028125 0.0515625
0 0.5015625 0.334375 0.021875 0.0578125
0 0.4625 0.31484375 0.0296875 0.0234375
0 0.4078125 0.3203125 0.025 0.05
0 0.359375 0.296875 0.0328125 0.0484375