0 0.7515625 0.58671875 0.0640625 0.090625
0 0.80078125 0.6609375 0.028125 0.0359375
0 0.08359375 0.48515625 0.1671875 0.2171875
0 0.21484375 0.53515625 0.1125 0.1671875
0 0.334375 0.58984375 0.0953125 0.134375
0 0.3890625 0.58515625 0.084375 0.1140625
0 0.4578125 0.6140625 0.071875 0.1078125
0 0.5125 0.625 0.0734375 0.0890625
0 0.565625 0.65 0.0515625 0.075
0 0.5953125 0.6578125 0.0390625 0.0703125
0 0.62890625 0.66796875 0.03125 0.0609375
0 0.66875 0.684375 0.0328125 0.0375
0 0.64609375 0.69375 0.021875 0.04375
0 0.7984375 0.690625 0.0203125 0.03125