0 0.95078125 0.38984375 0.0984375 0.2921875
0 0.44765625 0.275 0.1578125 0.2640625
0 0.30390625 0.35390625 0.184375 0.2359375
0 0.47265625 0.50625 0.1265625 0.1765625
0 0.471875 0.6375 0.0890625 0.1296875
0 0.40234375 0.740625 0.071875 0.0796875
0 0.52109375 0.78984375 0.0515625 0.0703125
0 0.5015625 0.71171875 0.0703125 0.096875
0 0.4625 0.73984375 0.0640625 0.0671875
0 0.5234375 0.8703125 0.05 0.071875
0 0.47734375 0.8609375 0.05 0.0546875
0 0.45625 0.85234375 0.034375 0.0546875
0 0.44140625 0.87890625 0.025 0.040625