0 0.57265625 0.8171875 0.071875 0.09296875
0 0.64609375 0.84453125 0.0703125 0.0890625
0 0.63984375 0.90078125 0.0421875 0.07890625
0 0.60546875 0.93125 0.06796875 0.1140625
0 0.6140625 0.684375 0.0578125 0.10546875
0 0.31875 0.49296875 0.0453125 0.05625
0 0.36484375 0.51953125 0.0375 0.0734375
0 0.409375 0.62421875 0.04375 0.1109375
0 0.4578125 0.61796875 0.0546875 0.0890625
0 0.51171875 0.62109375 0.04609375 0.07734375
0 0.55859375 0.5953125 0.04140625 0.06640625
0 0.5875 0.63359375 0.03125 0.05546875
0 0.38125 0.4796875 0.0296875 0.0328125
0 0.42109375 0.47109375 0.03046875 0.02421875
0 0.434375 0.48828125 0.02734375 0.02109375
0 0.41015625 0.5484375 0.05078125 0.05
0 0.45 0.559375 0.0234375 0.03125
0 0.47265625 0.52109375 0.03046875 0.02578125
0 0.484375 0.55625 0.03515625 0.03125
0 0.51328125 0.57734375 0.0328125 0.01484375