0 0.15546875 0.45 0.1109375 0.16875
0 0.2171875 0.628125 0.1578125 0.2625
0 0.46015625 0.4734375 0.071875 0.0953125
0 0.54375 0.7296875 0.1484375 0.1296875
0 0.5796875 0.8609375 0.1390625 0.1953125
0 0.63203125 0.93828125 0.1640625 0.11875
0 0.4765625 0.565625 0.09375 0.1421875
0 0.41953125 0.2296875 0.0453125 0.05
0 0.415625 0.18359375 0.0453125 0.0453125
0 0.40859375 0.1296875 0.0390625 0.0359375
0 0.4078125 0.10625 0.028125 0.0234375
0 0.4 0.0796875 0.01875 0.0234375
0 0.39609375 0.07109375 0.0203125 0.0140625
0 0.39453125 0.0578125 0.0140625 0.01875