0 0.675 0.515625 0.05 0.0796875
0 0.61171875 0.51796875 0.0578125 0.0703125
0 0.62890625 0.43515625 0.046875 0.053125
0 0.58515625 0.4296875 0.0546875 0.075
0 0.54140625 0.43125 0.05 0.0703125
0 0.5015625 0.45859375 0.0421875 0.0640625
0 0.5609375 0.4890625 0.03125 0.0359375
0 0.5 0.37734375 0.059375 0.0984375
0 0.45703125 0.35859375 0.0625 0.0765625
0 0.35078125 0.3484375 0.0671875 0.1
0 0.39765625 0.30234375 0.0875 0.0953125
0 0.459375 0.4234375 0.0484375 0.0421875
0 0.4296875 0.40625 0.0484375 0.053125
0 0.396875 0.375 0.059375 0.0609375
0 0.28359375 0.259375 0.0828125 0.0984375
0 0.3203125 0.15078125 0.0859375 0.1140625
0 0.20078125 0.1390625 0.1078125 0.1265625
0 0.23125 0.06484375 0.0890625 0.059375