0 0.04921875 0.57265625 0.0984375 0.2265625
0 0.19296875 0.5 0.1140625 0.18671875
0 0.3125 0.45 0.084375 0.15
0 0.3828125 0.425 0.075 0.11640625
0 0.4203125 0.35703125 0.03984375 0.06171875
0 0.4703125 0.36640625 0.06953125 0.1078125
0 0.54453125 0.3421875 0.046875 0.075
0 0.57890625 0.33046875 0.040625 0.06484375
0 0.60546875 0.3171875 0.04609375 0.0671875
0 0.64453125 0.30234375 0.02265625 0.03515625
0 0.71015625 0.3265625 0.03203125 0.04609375
0 0.76484375 0.32265625 0.0375 0.04453125
0 0.73046875 0.2984375 0.01328125 0.03671875
0 0.7515625 0.30078125 0.025 0.0234375