0 0.0828125 0.53125 0.165625 0.2125
0 0.471875 0.68125 0.046875 0.0515625
0 0.4640625 0.61484375 0.0859375 0.09375
0 0.646875 0.55546875 0.0765625 0.0890625
0 0.51953125 0.62109375 0.065625 0.075
0 0.715625 0.678125 0.0359375 0.0515625
0 0.85078125 0.66015625 0.01875 0.0203125
0 0.83359375 0.66796875 0.0203125 0.025
0 0.5859375 0.646875 0.059375 0.0796875
0 0.55546875 0.64140625 0.053125 0.078125
0 0.61015625 0.65 0.0578125 0.0734375
0 0.64375 0.65078125 0.05625 0.0546875
0 0.66015625 0.68671875 0.040625 0.04375
0 0.68828125 0.6734375 0.04375 0.0609375
0 0.3421875 0.59453125 0.1234375 0.1703125