0 0.68671875 0.02265625 0.0796875 0.0453125
0 0.625 0.07109375 0.0765625 0.11875
0 0.63671875 0.26796875 0.059375 0.1265625
0 0.58203125 0.2765625 0.0546875 0.1359375
0 0.496875 0.2953125 0.0796875 0.1125
0 0.584375 0.36171875 0.059375 0.05625
0 0.5171875 0.35859375 0.0640625 0.06875
0 0.53046875 0.39765625 0.046875 0.046875
0 0.425 0.428125 0.040625 0.05
0 0.503125 0.434375 0.046875 0.0671875
0 0.33046875 0.53828125 0.0359375 0.06875
0 0.36171875 0.50234375 0.0390625 0.0671875
0 0.48671875 0.4609375 0.0359375 0.0390625
0 0.44453125 0.4578125 0.034375 0.0515625
0 0.4046875 0.46015625 0.0375 0.0546875
0 0.3921875 0.54453125 0.0265625 0.0265625
0 0.43125 0.51171875 0.028125 0.028125
0 0.39609375 0.509375 0.028125 0.0328125
0 0.46015625 0.48125 0.0265625 0.0375