0 0.7234375 0.3546875 0.0671875 0.0921875
0 0.75234375 0.27109375 0.0296875 0.0359375
0 0.09296875 0.615625 0.1859375 0.221875
0 0.21484375 0.534375 0.1171875 0.1703125
0 0.3171875 0.453125 0.0984375 0.1375
0 0.37109375 0.44375 0.0890625 0.115625
0 0.43125 0.39921875 0.075 0.109375
0 0.48203125 0.37578125 0.0765625 0.090625
0 0.52734375 0.33828125 0.053125 0.075
0 0.55390625 0.3234375 0.0421875 0.071875
0 0.584375 0.30546875 0.0328125 0.0625
0 0.61875 0.28046875 0.0328125 0.0390625
0 0.59453125 0.2765625 0.0234375 0.0453125
0 0.74296875 0.2421875 0.0203125 0.03125