0 0.5046875 0.196875 0.21875 0.2828125
0 0.2984375 0.096875 0.196875 0.19375
0 0.446875 0.05625 0.15 0.1125
0 0.22734375 0.19765625 0.090625 0.1234375
0 0.3578125 0.1859375 0.0984375 0.11875
0 0.27734375 0.26875 0.1484375 0.1546875
0 0.34296875 0.29921875 0.10625 0.11875
0 0.4390625 0.3828125 0.0984375 0.1140625
0 0.31953125 0.371875 0.13125 0.1140625
0 0.28359375 0.42578125 0.0859375 0.0765625
0 0.3890625 0.48515625 0.0859375 0.1546875
0 0.45859375 0.571875 0.053125 0.0734375
0 0.5 0.73828125 0.0234375 0.0375
0 0.3234375 0.475 0.075 0.1015625
0 0.290625 0.5359375 0.0390625 0.04375
0 0.32265625 0.5328125 0.05 0.046875
0 0.41328125 0.57734375 0.046875 0.053125
0 0.29921875 0.5765625 0.05 0.04375
0 0.359375 0.58046875 0.0671875 0.0515625
0 0.40703125 0.61875 0.04375 0.0390625
0 0.39375 0.7640625 0.0203125 0.0359375
0 0.409375 0.6703125 0.034375 0.0359375