0 0.66875 0.503125 0.040625 0.0625
0 0.62578125 0.4296875 0.04375 0.0609375
0 0.5734375 0.51328125 0.0359375 0.0375
0 0.6296875 0.48828125 0.0484375 0.0625
0 0.5921875 0.4828125 0.0359375 0.0515625
0 0.56484375 0.39296875 0.059375 0.084375
0 0.475 0.340625 0.06875 0.0921875
0 0.4109375 0.23828125 0.0734375 0.11875
0 0.41015625 0.11953125 0.08125 0.1046875
0 0.34609375 0.12578125 0.0640625 0.0890625
0 0.2859375 0.1359375 0.0703125 0.121875
0 0.25390625 0.05546875 0.071875 0.0703125
0 0.3640625 0.28515625 0.0703125 0.1125
0 0.421875 0.33828125 0.0453125 0.06875
0 0.53828125 0.44296875 0.0421875 0.06875
0 0.50703125 0.4171875 0.05 0.0421875
0 0.41484375 0.38671875 0.0515625 0.0640625
0 0.50546875 0.38125 0.0328125 0.03125
0 0.45703125 0.39609375 0.028125 0.04375
0 0.5015625 0.459375 0.03125 0.0515625