0 0.33125 0.4515625 0.03671875 0.07421875
0 0.39375 0.4609375 0.04609375 0.06328125
0 0.3609375 0.5390625 0.0390625 0.04609375
0 0.403125 0.553125 0.0421875 0.06796875
0 0.44609375 0.559375 0.03828125 0.0640625
0 0.490625 0.540625 0.03203125 0.059375
0 0.43828125 0.49921875 0.02578125 0.03125
0 0.4765625 0.6203125 0.04296875 0.09140625
0 0.51484375 0.646875 0.05078125 0.06796875
0 0.6171875 0.67734375 0.05078125 0.09140625
0 0.5625 0.71328125 0.07265625 0.08359375
0 0.525 0.5828125 0.04296875 0.03515625
0 0.55078125 0.60546875 0.040625 0.04609375
0 0.57734375 0.6421875 0.05 0.05234375
0 0.66640625 0.77734375 0.06796875 0.08671875
0 0.609375 0.87734375 0.0671875 0.10390625
0 0.725 0.91171875 0.08828125 0.1125
0 0.68046875 0.978125 0.0828125 0.04375