0 0.328125 0.7625 0.1578125 0.2203125
0 0.5578125 0.89375 0.215625 0.2125
0 0.69765625 0.79921875 0.14375 0.203125
0 0.59765625 0.6515625 0.1234375 0.1640625
0 0.68828125 0.6953125 0.109375 0.1359375
0 0.525 0.540625 0.10625 0.1375
0 0.71484375 0.62109375 0.0734375 0.0921875
0 0.67265625 0.6015625 0.078125 0.0921875
0 0.70859375 0.5453125 0.0890625 0.0796875
0 0.70078125 0.46015625 0.0453125 0.0625
0 0.63515625 0.52890625 0.0609375 0.0890625
0 0.57890625 0.50234375 0.0765625 0.09375
0 0.62890625 0.46640625 0.040625 0.04375
0 0.65859375 0.48359375 0.0625 0.0484375
0 0.52578125 0.41953125 0.059375 0.0921875
0 0.57578125 0.41640625 0.046875 0.078125
0 0.60625 0.43359375 0.0609375 0.0515625
0 0.6734375 0.42421875 0.0765625 0.075
0 0.6359375 0.40078125 0.059375 0.05625
0 0.5953125 0.36484375 0.0453125 0.0359375
0 0.5390625 0.225 0.0234375 0.0328125
0 0.60078125 0.315625 0.0390625 0.0359375