0 0.93046875 0.396875 0.1390625 0.190625
0 0.81015625 0.44765625 0.0984375 0.115625
0 0.715625 0.54140625 0.11875 0.1390625
0 0.709375 0.6125 0.05 0.075
0 0.61875 0.56328125 0.06875 0.1
0 0.5890625 0.6046875 0.0734375 0.096875
0 0.53125 0.61640625 0.078125 0.0828125
0 0.4859375 0.6421875 0.0546875 0.0796875
0 0.4359375 0.67734375 0.05625 0.0765625
0 0.4078125 0.68203125 0.0296875 0.05
0 0.4 0.7078125 0.0328125 0.0640625
0 0.3671875 0.7109375 0.0328125 0.0546875
0 0.32890625 0.646875 0.0546875 0.0875
0 0.2390625 0.68203125 0.04375 0.0640625
0 0.2734375 0.7078125 0.040625 0.0578125