0 0.74140625 0.3875 0.05546875 0.08515625
0 0.78203125 0.30859375 0.025 0.0328125
0 0.08046875 0.55859375 0.1609375 0.2015625
0 0.2125 0.49453125 0.096875 0.1578125
0 0.32578125 0.428125 0.08203125 0.1265625
0 0.38046875 0.4265625 0.07421875 0.10703125
0 0.44609375 0.390625 0.0609375 0.10234375
0 0.49921875 0.37421875 0.065625 0.0828125
0 0.54921875 0.34375 0.04375 0.0703125
0 0.578125 0.3328125 0.0328125 0.0671875
0 0.6109375 0.31953125 0.025 0.059375
0 0.6484375 0.29921875 0.02890625 0.03515625
0 0.625 0.2921875 0.0171875 0.04296875
0 0.7765625 0.27890625 0.0171875 0.02890625