0 0.74765625 0.63125 0.153125 0.2203125
0 0.7390625 0.903125 0.196875 0.146875
0 0.46953125 0.8671875 0.2015625 0.265625
0 0.33671875 0.90859375 0.1734375 0.1828125
0 0.28203125 0.75 0.1 0.1296875
0 0.45625 0.71875 0.125 0.134375
0 0.36328125 0.79921875 0.1265625 0.15
0 0.390625 0.68125 0.1359375 0.1375
0 0.27890625 0.678125 0.103125 0.1015625
0 0.425 0.55625 0.09375 0.140625
0 0.3140625 0.60390625 0.11875 0.1171875
0 0.3578125 0.54140625 0.1046875 0.1140625
0 0.43359375 0.42734375 0.084375 0.103125
0 0.40078125 0.48125 0.1046875 0.10625
0 0.2921875 0.54453125 0.0890625 0.06875
0 0.29296875 0.42578125 0.0625 0.053125
0 0.36171875 0.428125 0.0484375 0.06875
0 0.32421875 0.4609375 0.078125 0.075
0 0.29296875 0.50390625 0.06875 0.0546875
0 0.44921875 0.24375 0.040625 0.0484375
0 0.3953125 0.346875 0.0515625 0.04375
0 0.3828125 0.29453125 0.034375 0.0390625