0 0.659375 0.346875 0.0859375 0.125
0 0.57109375 0.31484375 0.075 0.1234375
0 0.52109375 0.36484375 0.059375 0.08125
0 0.5734375 0.42109375 0.0640625 0.0421875
0 0.5796875 0.37109375 0.0671875 0.0875
0 0.33359375 0.48046875 0.0546875 0.0828125
0 0.35 0.53828125 0.0390625 0.0421875
0 0.36640625 0.5015625 0.0390625 0.046875
0 0.4125 0.51875 0.0421875 0.046875
0 0.396875 0.44765625 0.04375 0.0609375
0 0.425 0.43515625 0.04375 0.059375
0 0.4671875 0.4203125 0.0625 0.0734375
0 0.5265625 0.4390625 0.0375 0.0453125
0 0.46015625 0.475 0.0421875 0.046875