0 0.68984375 0.153125 0.2546875 0.2828125
0 0.5921875 0.5796875 0.1 0.13125
0 0.584375 0.37734375 0.1296875 0.19375
0 0.53203125 0.465625 0.1 0.1375
0 0.515625 0.55390625 0.0875 0.0875
0 0.47265625 0.5921875 0.090625 0.103125
0 0.4640625 0.684375 0.0734375 0.09375
0 0.3765625 0.8140625 0.0625 0.0828125
0 0.43046875 0.72109375 0.0453125 0.065625
0 0.3921875 0.734375 0.078125 0.084375
0 0.325 0.81328125 0.046875 0.0609375
0 0.34453125 0.7640625 0.0265625 0.0390625
0 0.334375 0.853125 0.0328125 0.0484375
0 0.39296875 0.84375 0.0421875 0.0453125
0 0.3515625 0.9015625 0.0375 0.0453125