0 0.46328125 0.50703125 0.10234375 0.14453125
0 0.50859375 0.4109375 0.0828125 0.0859375
0 0.45859375 0.27734375 0.05390625 0.08125
0 0.5015625 0.26796875 0.05859375 0.0796875
0 0.48046875 0.37109375 0.06640625 0.0890625
0 0.60546875 0.21484375 0.0359375 0.06796875
0 0.52109375 0.1671875 0.03984375 0.05859375
0 0.5703125 0.16953125 0.0296875 0.06015625
0 0.5171875 0.13046875 0.02734375 0.02890625
0 0.56875 0.12421875 0.021875 0.03125
0 0.59765625 0.1296875 0.03046875 0.04140625
0 0.53515625 0.09453125 0.02265625 0.021875