0 0.3671875 0.43671875 0.0328125 0.0484375
0 0.35859375 0.478125 0.03671875 0.04375
0 0.37734375 0.5234375 0.04140625 0.0828125
0 0.4125 0.48359375 0.046875 0.03671875
0 0.428125 0.6390625 0.0453125 0.08984375
0 0.40625 0.57265625 0.05078125 0.0484375
0 0.6046875 0.66953125 0.0640625 0.09921875
0 0.5484375 0.65078125 0.04453125 0.08828125
0 0.490625 0.62890625 0.046875 0.06328125
0 0.46171875 0.596875 0.040625 0.053125
0 0.453125 0.50859375 0.03125 0.04375
0 0.42265625 0.51640625 0.03125 0.059375
0 0.453125 0.53984375 0.03828125 0.05078125
0 0.4984375 0.5453125 0.0390625 0.03046875
0 0.47265625 0.55859375 0.03203125 0.02265625
0 0.5 0.5859375 0.0390625 0.0265625
0 0.52734375 0.6078125 0.03671875 0.05390625
0 0.66953125 0.80234375 0.065625 0.13359375
0 0.63125 0.8375 0.08125 0.11953125
0 0.55546875 0.89765625 0.0765625 0.10625
0 0.64296875 0.9578125 0.0828125 0.084375