0 0.321875 0.44609375 0.02421875 0.03671875
0 0.3375 0.4796875 0.0359375 0.053125
0 0.38125 0.5015625 0.04765625 0.06015625
0 0.42265625 0.5671875 0.04296875 0.05234375
0 0.44140625 0.503125 0.02578125 0.034375
0 0.41875 0.51015625 0.02265625 0.02890625
0 0.37421875 0.559375 0.0390625 0.053125
0 0.446875 0.64921875 0.071875 0.09140625
0 0.54609375 0.665625 0.071875 0.09296875
0 0.5859375 0.64296875 0.04609375 0.0640625
0 0.51328125 0.603125 0.04765625 0.04453125
0 0.47109375 0.5703125 0.0359375 0.04375
0 0.57109375 0.765625 0.05859375 0.10625
0 0.60390625 0.89609375 0.0828125 0.08515625
0 0.66875 0.95546875 0.07578125 0.0859375
0 0.7296875 0.96640625 0.04921875 0.06640625
0 0.6921875 0.8765625 0.0578125 0.08515625
0 0.665625 0.79609375 0.06015625 0.10390625
0 0.56328125 0.59921875 0.040625 0.0375
0 0.4640625 0.52734375 0.03515625 0.0453125