0 0.94921875 0.690625 0.1015625 0.278125
0 0.409375 0.7125 0.1171875 0.24765625
0 0.28125 0.61015625 0.14921875 0.21328125
0 0.47421875 0.4890625 0.1 0.16171875
0 0.49609375 0.359375 0.06953125 0.11953125
0 0.4453125 0.24609375 0.06015625 0.07109375
0 0.57109375 0.21796875 0.040625 0.0640625
0 0.53828125 0.29140625 0.05546875 0.08828125
0 0.5046875 0.25703125 0.05390625 0.059375
0 0.5875 0.1390625 0.03984375 0.065625
0 0.540625 0.140625 0.04296875 0.0484375
0 0.51796875 0.1453125 0.02578125 0.0515625
0 0.5078125 0.11640625 0.01875 0.03828125