0 0.41015625 0.84609375 0.16015625 0.2125
0 0.4234375 0.696875 0.09375 0.1203125
0 0.484375 0.50625 0.0984375 0.13671875
0 0.4890625 0.3890625 0.08984375 0.10078125
0 0.5875 0.13671875 0.03359375 0.065625
0 0.54140625 0.14765625 0.03828125 0.04765625
0 0.5703125 0.2203125 0.040625 0.0546875
0 0.55 0.2625 0.0515625 0.06015625
0 0.4984375 0.27265625 0.0515625 0.040625
0 0.5296875 0.31953125 0.05546875 0.07421875
0 0.48046875 0.3109375 0.0609375 0.05859375
0 0.5265625 0.10234375 0.02578125 0.03671875