0 0.184375 0.6484375 0.14375 0.1875
0 0.1921875 0.46015625 0.209375 0.2859375
0 0.46953125 0.5375 0.090625 0.1078125
0 0.475 0.2671875 0.171875 0.1578125
0 0.47109375 0.13203125 0.1765625 0.21875
0 0.496875 0.05859375 0.184375 0.1171875
0 0.45859375 0.44375 0.121875 0.1578125
0 0.5015625 0.78203125 0.0546875 0.059375
0 0.51171875 0.82734375 0.053125 0.0546875
0 0.52109375 0.88125 0.0453125 0.04375
0 0.52734375 0.90390625 0.0328125 0.0296875
0 0.52734375 0.93125 0.0234375 0.0265625
0 0.52578125 0.940625 0.021875 0.01875
0 0.528125 0.953125 0.01875 0.021875