0 0.08125 0.48671875 0.06875 0.1296875
0 0.01171875 0.57421875 0.0234375 0.1171875
0 0.16640625 0.65546875 0.178125 0.246875
0 0.55 0.85078125 0.1625 0.2296875
0 0.72890625 0.753125 0.128125 0.1921875
0 0.58984375 0.72890625 0.1515625 0.1515625
0 0.55546875 0.64765625 0.1078125 0.090625
0 0.70234375 0.6125 0.0953125 0.10625
0 0.55078125 0.56484375 0.09375 0.1125
0 0.67265625 0.5421875 0.1078125 0.1109375
0 0.61484375 0.4515625 0.0859375 0.1015625
0 0.5796875 0.51953125 0.08125 0.0890625
0 0.68046875 0.4640625 0.05625 0.071875
0 0.56484375 0.38203125 0.046875 0.06875
0 0.4875 0.271875 0.028125 0.0328125
0 0.69609375 0.384375 0.05 0.0484375
0 0.59296875 0.30078125 0.0296875 0.0296875
0 0.59296875 0.34609375 0.040625 0.04375
0 0.6515625 0.67734375 0.071875 0.06875