0 0.22421875 0.8828125 0.0953125 0.1375
0 0.4015625 0.7203125 0.0875 0.15
0 0.33125 0.74609375 0.05625 0.075
0 0.33828125 0.6828125 0.065625 0.0859375
0 0.34609375 0.6265625 0.078125 0.078125
0 0.51640625 0.6390625 0.08125 0.103125
0 0.440625 0.64375 0.0578125 0.0671875
0 0.571875 0.58203125 0.0609375 0.0796875
0 0.60078125 0.59921875 0.0328125 0.05
0 0.66640625 0.5328125 0.05 0.071875
0 0.62578125 0.53515625 0.0484375 0.0484375
0 0.54609375 0.509375 0.0375 0.0421875
0 0.55703125 0.55 0.040625 0.0578125
0 0.46015625 0.5625 0.0453125 0.04375
0 0.428125 0.58359375 0.040625 0.0390625
0 0.4625 0.6109375 0.05625 0.05625
0 0.396875 0.62265625 0.05 0.065625
0 0.65625 0.4953125 0.0453125 0.04375
0 0.63125 0.4625 0.04375 0.0453125