0 0.35703125 0.42578125 0.03359375 0.0546875
0 0.33984375 0.50703125 0.0390625 0.04453125
0 0.378125 0.546875 0.04609375 0.0703125
0 0.44140625 0.4890625 0.0296875 0.03828125
0 0.40390625 0.48203125 0.02734375 0.01640625
0 0.40234375 0.50078125 0.03359375 0.02421875
0 0.4546875 0.5125 0.03671875 0.021875
0 0.4171875 0.525 0.034375 0.025
0 0.434375 0.65 0.0703125 0.09921875
0 0.671875 0.896875 0.08203125 0.1015625
0 0.65390625 0.73515625 0.06015625 0.12578125
0 0.6078125 0.671875 0.0515625 0.09296875
0 0.5 0.65859375 0.06015625 0.1125
0 0.5546875 0.65859375 0.04375 0.09375
0 0.49765625 0.55390625 0.0390625 0.0421875
0 0.43984375 0.575 0.05 0.053125
0 0.515625 0.58671875 0.0375 0.025