0 0.3328125 0.47890625 0.03515625 0.05859375
0 0.3671875 0.55703125 0.0375 0.05703125
0 0.428125 0.47890625 0.0328125 0.034375
0 0.36953125 0.4984375 0.04296875 0.0578125
0 0.40625 0.5078125 0.03125 0.0484375
0 0.42421875 0.6 0.05078125 0.07890625
0 0.50859375 0.6609375 0.059375 0.0859375
0 0.5609375 0.76953125 0.0625 0.1125
0 0.54921875 0.8875 0.071875 0.0984375
0 0.6140625 0.88828125 0.05546875 0.084375
0 0.675 0.884375 0.0578125 0.1171875
0 0.6984375 0.96796875 0.06484375 0.0640625
0 0.6125 0.728125 0.059375 0.10625
0 0.5609375 0.66875 0.0390625 0.06484375
0 0.45625 0.553125 0.03515625 0.065625
0 0.484375 0.58125 0.04609375 0.03828125
0 0.57265625 0.621875 0.0453125 0.06015625
0 0.48203125 0.6171875 0.03046875 0.02890625
0 0.53203125 0.6078125 0.0234375 0.0421875
0 0.49453125 0.540625 0.02578125 0.0484375