0 0.31875 0.2921875 0.0859375 0.134375
0 0.5234375 0.9234375 0.21875 0.153125
0 0.51171875 0.81015625 0.1953125 0.1890625
0 0.50078125 0.61484375 0.121875 0.10625
0 0.49765625 0.6921875 0.1171875 0.0921875
0 0.475 0.4765625 0.0875 0.10625
0 0.48359375 0.26640625 0.065625 0.090625
0 0.48359375 0.38828125 0.059375 0.0640625
0 0.49609375 0.18828125 0.0421875 0.0578125
0 0.41875 0.08046875 0.021875 0.0328125
0 0.50859375 0.165625 0.034375 0.0359375
0 0.4921875 0.14296875 0.034375 0.034375
0 0.49921875 0.1 0.0328125 0.0359375