0 0.6046875 0.91953125 0.084375 0.11640625
0 0.6546875 0.8671875 0.06484375 0.09375
0 0.67734375 0.76796875 0.07578125 0.09453125
0 0.5796875 0.74921875 0.078125 0.1078125
0 0.32578125 0.44609375 0.0390625 0.0578125
0 0.6078125 0.65546875 0.05 0.06328125
0 0.559375 0.66171875 0.05078125 0.078125
0 0.5203125 0.646875 0.07421875 0.0796875
0 0.48046875 0.61875 0.05390625 0.08125
0 0.44609375 0.58671875 0.0421875 0.0765625
0 0.5828125 0.615625 0.04375 0.05078125
0 0.5421875 0.6 0.028125 0.0421875
0 0.5171875 0.57265625 0.0390625 0.03671875
0 0.465625 0.5109375 0.03359375 0.04921875
0 0.49453125 0.55 0.03515625 0.02890625
0 0.38203125 0.5328125 0.04453125 0.0734375
0 0.3421875 0.5140625 0.04296875 0.04921875
0 0.378125 0.434375 0.03359375 0.04375
0 0.4203125 0.52734375 0.02890625 0.05
0 0.37421875 0.47578125 0.02421875 0.03984375
0 0.4296875 0.49765625 0.0203125 0.01875
0 0.40390625 0.4703125 0.021875 0.0296875