0 0.08046875 0.56640625 0.12578125 0.18984375
0 0.2390625 0.48984375 0.07890625 0.14140625
0 0.28125 0.390625 0.04140625 0.0796875
0 0.3796875 0.4234375 0.08046875 0.10859375
0 0.4234375 0.3515625 0.04453125 0.08125
0 0.4546875 0.38515625 0.05625 0.10859375
0 0.49609375 0.3734375 0.04921875 0.06640625
0 0.7296875 0.371875 0.05703125 0.07109375
0 0.50078125 0.31015625 0.03203125 0.0421875
0 0.52734375 0.35390625 0.03671875 0.06484375
0 0.6796875 0.36796875 0.05078125 0.078125
0 0.55859375 0.34375 0.040625 0.07265625
0 0.63359375 0.29609375 0.03671875 0.05703125
0 0.70078125 0.33515625 0.02890625 0.01796875
0 0.5875 0.31796875 0.034375 0.0515625