0 0.3921875 0.8765625 0.21875 0.246875
0 0.3921875 0.44296875 0.0828125 0.121875
0 0.4453125 0.6390625 0.103125 0.18125
0 0.4765625 0.540625 0.08125 0.128125
0 0.47265625 0.45078125 0.078125 0.078125
0 0.50625 0.40390625 0.078125 0.09375
0 0.49375 0.3125 0.0609375 0.0859375
0 0.54921875 0.16640625 0.0515625 0.0765625
0 0.51796875 0.26875 0.0375 0.0609375
0 0.55234375 0.246875 0.06875 0.075
0 0.6 0.15546875 0.0390625 0.05625
0 0.5921875 0.2078125 0.021875 0.0359375
0 0.58203125 0.11875 0.0265625 0.046875
0 0.52734375 0.140625 0.0359375 0.040625
0 0.55390625 0.075 0.0328125 0.040625