0 0.9171875 0.46953125 0.059375 0.1265625
0 0.98359375 0.3734375 0.0296875 0.115625
0 0.815625 0.3109375 0.1625 0.2375
0 0.41328125 0.15625 0.146875 0.2203125
0 0.24609375 0.27265625 0.1171875 0.184375
0 0.38671875 0.28125 0.1421875 0.14375
0 0.4296875 0.359375 0.103125 0.084375
0 0.28671875 0.409375 0.0890625 0.1
0 0.44296875 0.440625 0.0875 0.1078125
0 0.3234375 0.47578125 0.1 0.1046875
0 0.390625 0.56015625 0.0796875 0.0953125
0 0.41875 0.4890625 0.075 0.084375
0 0.32421875 0.5546875 0.0515625 0.06875
0 0.4484375 0.62421875 0.0421875 0.065625
0 0.5359375 0.72578125 0.0265625 0.03125
0 0.3171875 0.63515625 0.046875 0.0453125
0 0.42890625 0.7078125 0.028125 0.028125
0 0.42421875 0.66328125 0.0375 0.040625
0 0.33046875 0.33984375 0.0671875 0.0640625