0 0.47421875 0.8015625 0.2359375 0.29375
0 0.67109375 0.90625 0.2109375 0.1875
0 0.5203125 0.94296875 0.15625 0.1140625
0 0.75078125 0.8203125 0.0984375 0.128125
0 0.61953125 0.8234375 0.1046875 0.1234375
0 0.70546875 0.74609375 0.15625 0.1625
0 0.64296875 0.71171875 0.1125 0.125
0 0.55234375 0.62109375 0.1046875 0.11875
0 0.67109375 0.640625 0.1375 0.1203125
0 0.71015625 0.5890625 0.0890625 0.08125
0 0.609375 0.52265625 0.0953125 0.1578125
0 0.54609375 0.43125 0.0578125 0.075
0 0.51640625 0.2625 0.025 0.0375
0 0.67421875 0.53671875 0.0796875 0.1046875
0 0.71171875 0.47890625 0.040625 0.0453125
0 0.67890625 0.4796875 0.053125 0.05
0 0.5921875 0.42890625 0.0484375 0.0546875
0 0.70546875 0.4375 0.0515625 0.046875
0 0.6453125 0.4296875 0.06875 0.0546875
0 0.60078125 0.3875 0.0453125 0.040625
0 0.62421875 0.24453125 0.021875 0.0375
0 0.60234375 0.33671875 0.0359375 0.0375