0 0.06953125 0.56875 0.121875 0.2
0 0.2171875 0.50703125 0.09453125 0.13203125
0 0.3234375 0.43984375 0.071875 0.134375
0 0.39296875 0.41640625 0.08046875 0.103125
0 0.453125 0.3890625 0.0484375 0.10859375
0 0.48515625 0.36953125 0.0578125 0.08671875
0 0.521875 0.34609375 0.04765625 0.08984375
0 0.471875 0.32109375 0.034375 0.015625
0 0.56328125 0.33671875 0.04609375 0.078125
0 0.5984375 0.31640625 0.0375 0.04375
0 0.628125 0.30078125 0.0359375 0.06640625
0 0.77421875 0.28671875 0.021875 0.0453125
0 0.7859375 0.296875 0.01875 0.028125
0 0.75 0.2953125 0.02421875 0.03984375