0 0.07578125 0.590625 0.1375 0.19140625
0 0.203125 0.51328125 0.10703125 0.159375
0 0.31171875 0.446875 0.09296875 0.13359375
0 0.37890625 0.4328125 0.05546875 0.10078125
0 0.42578125 0.39609375 0.07109375 0.0890625
0 0.46796875 0.37890625 0.0734375 0.0859375
0 0.51640625 0.35625 0.0515625 0.0828125
0 0.440625 0.3359375 0.0375 0.02890625
0 0.5359375 0.3046875 0.034375 0.0359375
0 0.66484375 0.36953125 0.04921875 0.06640625
0 0.59140625 0.32265625 0.04375 0.05078125
0 0.75234375 0.36796875 0.0484375 0.05859375
0 0.71640625 0.3359375 0.03984375 0.04375
0 0.78203125 0.25 0.01171875 0.01953125
0 0.634375 0.29609375 0.04453125 0.04140625