0 0.08984375 0.378125 0.1703125 0.1984375
0 0.2234375 0.48359375 0.1078125 0.171875
0 0.32109375 0.528125 0.0703125 0.1109375
0 0.37734375 0.56328125 0.0796875 0.103125
0 0.43828125 0.6046875 0.078125 0.1078125
0 0.525 0.67265625 0.0671875 0.09375
0 0.3078125 0.58984375 0.075 0.0703125
0 0.3515625 0.62265625 0.046875 0.0546875
0 0.56640625 0.67578125 0.0453125 0.0734375
0 0.58828125 0.69609375 0.0484375 0.0484375
0 0.61171875 0.7140625 0.046875 0.0515625
0 0.72421875 0.640625 0.08125 0.1015625
0 0.74375 0.7625 0.025 0.0421875
0 0.7640625 0.76484375 0.01875 0.028125