0 0.2546875 0.9046875 0.1953125 0.1390625
0 0.3015625 0.7828125 0.209375 0.234375
0 0.45078125 0.52421875 0.1328125 0.1875
0 0.49296875 0.4625 0.096875 0.125
0 0.534375 0.37890625 0.0921875 0.1046875
0 0.59921875 0.31953125 0.071875 0.096875
0 0.5375 0.31484375 0.071875 0.0734375
0 0.634375 0.2546875 0.0546875 0.0640625
0 0.5890625 0.23203125 0.0625 0.0875
0 0.57421875 0.1578125 0.05 0.05625
0 0.6265625 0.1890625 0.053125 0.0578125
0 0.6890625 0.2015625 0.0015625 0.0015625
0 0.6609375 0.1703125 0.05 0.0546875
0 0.62578125 0.15234375 0.0421875 0.040625
0 0.68515625 0.16328125 0.03125 0.0453125
0 0.6296875 0.11796875 0.0296875 0.034375