0 0.67734375 0.4203125 0.1015625 0.14375
0 0.60234375 0.40390625 0.0859375 0.115625
0 0.5453125 0.3953125 0.059375 0.078125
0 0.58125 0.32890625 0.0625 0.0671875
0 0.50390625 0.375 0.08125 0.1
0 0.35 0.44765625 0.08125 0.1015625
0 0.475 0.31484375 0.046875 0.0546875
0 0.42734375 0.34921875 0.065625 0.0890625
0 0.384375 0.3359375 0.046875 0.0609375
0 0.3640625 0.3359375 0.0359375 0.0484375
0 0.34609375 0.325 0.028125 0.0359375
0 0.3390625 0.32109375 0.0390625 0.05
0 0.1625 0.31171875 0.0234375 0.034375
0 0.1859375 0.31015625 0.0234375 0.03125
0 0.1890625 0.2796875 0.0234375 0.0265625