0 0.58125 0.9875 0.0875 0.025
0 0.53203125 0.93984375 0.0984375 0.1203125
0 0.58515625 0.75546875 0.084375 0.134375
0 0.53359375 0.73515625 0.08125 0.1421875
0 0.45390625 0.69921875 0.1 0.125
0 0.55390625 0.65234375 0.06875 0.065625
0 0.4875 0.64140625 0.0765625 0.0796875
0 0.50859375 0.60703125 0.0546875 0.0546875
0 0.41171875 0.5546875 0.05 0.05625
0 0.4890625 0.56484375 0.059375 0.075
0 0.34140625 0.42734375 0.0484375 0.0734375
0 0.365625 0.46875 0.053125 0.0734375
0 0.47890625 0.5359375 0.0421875 0.0453125
0 0.4375 0.5296875 0.04375 0.05625
0 0.3984375 0.51875 0.046875 0.0609375
0 0.40390625 0.434375 0.03125 0.03125
0 0.4359375 0.47421875 0.0328125 0.0328125
0 0.40078125 0.46953125 0.0328125 0.0375
0 0.45703125 0.51015625 0.034375 0.0421875