0 0.64453125 0.52890625 0.04375 0.0546875
0 0.6421875 0.48671875 0.046875 0.0515625
0 0.61328125 0.44765625 0.0609375 0.090625
0 0.5890625 0.49453125 0.0546875 0.046875
0 0.5359375 0.34765625 0.065625 0.0984375
0 0.5734375 0.40703125 0.0609375 0.059375
0 0.35703125 0.3609375 0.0859375 0.1125
0 0.41640625 0.365625 0.0640625 0.096875
0 0.478125 0.37265625 0.0609375 0.0734375
0 0.5140625 0.396875 0.0515625 0.0609375
0 0.54375 0.48046875 0.040625 0.05
0 0.57109375 0.465625 0.0453125 0.065625
0 0.5359375 0.45 0.05 0.0578125
0 0.490625 0.45546875 0.0453125 0.0390625
0 0.5125 0.43671875 0.0359375 0.0296875
0 0.47890625 0.41640625 0.04375 0.0359375
0 0.44765625 0.40234375 0.0484375 0.0609375
0 0.2625 0.24765625 0.0953125 0.1453125
0 0.290625 0.20390625 0.1078125 0.1359375
0 0.35 0.12734375 0.1 0.121875
0 0.25078125 0.090625 0.1 0.1015625