0 0.25 0.853125 0.0328125 0.0453125
0 0.2484375 0.25 0.2484375 0.325
0 0.746875 0.1109375 0.225 0.171875
0 0.62890625 0.22734375 0.203125 0.228125
0 0.54453125 0.334375 0.128125 0.128125
0 0.496875 0.42578125 0.1109375 0.1375
0 0.5046875 0.50703125 0.0953125 0.134375
0 0.4578125 0.58515625 0.0796875 0.1
0 0.421875 0.640625 0.05 0.0609375
0 0.3875 0.7828125 0.0484375 0.05625
0 0.4109375 0.69609375 0.0703125 0.059375
0 0.36953125 0.746875 0.0421875 0.053125
0 0.39609375 0.73125 0.0703125 0.0421875
0 0.35859375 0.809375 0.0390625 0.0375
0 0.340625 0.84609375 0.0328125 0.04375