0 0.3796875 0.8765625 0.2109375 0.246875
0 0.39453125 0.4390625 0.078125 0.11875
0 0.440625 0.63671875 0.09765625 0.178125
0 0.475 0.53984375 0.07734375 0.125
0 0.47421875 0.45 0.075 0.075
0 0.509375 0.40390625 0.07421875 0.09140625
0 0.5 0.3125 0.05859375 0.084375
0 0.5609375 0.16796875 0.0484375 0.075
0 0.52578125 0.26953125 0.03515625 0.06015625
0 0.5609375 0.24921875 0.065625 0.0734375
0 0.61171875 0.159375 0.0375 0.05546875
0 0.60234375 0.2109375 0.0203125 0.0359375
0 0.5953125 0.121875 0.02421875 0.0453125
0 0.53984375 0.1421875 0.03515625 0.0390625
0 0.56875 0.07734375 0.03125 0.03984375