0 0.89453125 0.3515625 0.1671875 0.24375
0 0.528125 0.109375 0.2375 0.21875
0 0.325 0.0109375 0.140625 0.021875
0 0.40078125 0.1609375 0.16875 0.259375
0 0.30078125 0.14765625 0.153125 0.175
0 0.2921875 0.2546875 0.1484375 0.1734375
0 0.44140625 0.390625 0.1140625 0.1390625
0 0.3921875 0.33125 0.1203125 0.1453125
0 0.3046875 0.37421875 0.096875 0.1484375
0 0.43828125 0.55078125 0.09375 0.115625
0 0.4015625 0.47890625 0.109375 0.1203125
0 0.359375 0.43125 0.0921875 0.0953125
0 0.28828125 0.4453125 0.06875 0.05625
0 0.29453125 0.48515625 0.071875 0.05625
0 0.3328125 0.5734375 0.0765625 0.0671875
0 0.36015625 0.53984375 0.0625 0.0765625
0 0.32734375 0.5 0.0703125 0.0640625
0 0.39375 0.5859375 0.0453125 0.0671875
0 0.44453125 0.76328125 0.0203125 0.0328125
0 0.39296875 0.6265625 0.0375 0.0453125
0 0.3765625 0.66953125 0.0328125 0.03125
0 0.37890625 0.721875 0.0296875 0.040625