0 0.92109375 0.428125 0.1421875 0.1828125
0 0.57109375 0.66875 0.0375 0.04375
0 0.5625 0.603125 0.06875 0.08125
0 0.37109375 0.5890625 0.059375 0.078125
0 0.51015625 0.62265625 0.05 0.065625
0 0.33359375 0.725 0.025 0.046875
0 0.1984375 0.740625 0.015625 0.015625
0 0.2171875 0.74375 0.015625 0.021875
0 0.45234375 0.66328125 0.04375 0.071875
0 0.48046875 0.65078125 0.0375 0.071875
0 0.4296875 0.671875 0.04375 0.0640625
0 0.396875 0.68125 0.046875 0.0453125
0 0.38984375 0.71953125 0.0328125 0.0375
0 0.359375 0.7140625 0.03125 0.05625
0 0.67578125 0.55390625 0.090625 0.153125