0 0.35234375 0.94921875 0.1765625 0.1015625
0 0.3703125 0.8203125 0.16796875 0.2015625
0 0.4578125 0.534375 0.09765625 0.16953125
0 0.484375 0.46484375 0.0734375 0.11171875
0 0.50625 0.37421875 0.0734375 0.08984375
0 0.55625 0.3015625 0.053125 0.08671875
0 0.49453125 0.3109375 0.05859375 0.0625
0 0.57578125 0.23046875 0.04296875 0.05546875
0 0.5265625 0.21875 0.0453125 0.07890625
0 0.4953125 0.15 0.040625 0.0484375
0 0.553125 0.16875 0.04375 0.04921875
0 0.6171875 0.16640625 0.0015625 0.00078125
0 0.5828125 0.1421875 0.04140625 0.04609375
0 0.54453125 0.1328125 0.0359375 0.0328125
0 0.6046875 0.13046875 0.0234375 0.040625
0 0.540625 0.0984375 0.02421875 0.02890625