0 0.9359375 0.36953125 0.1046875 0.1734375
0 0.8 0.46640625 0.084375 0.1671875
0 0.70703125 0.5359375 0.096875 0.153125
0 0.62421875 0.56484375 0.0734375 0.128125
0 0.55625 0.6015625 0.0734375 0.09375
0 0.48671875 0.64765625 0.0625 0.084375
0 0.340625 0.6234375 0.0671875 0.0859375
0 0.26328125 0.65859375 0.0640625 0.0859375
0 0.48046875 0.70078125 0.046875 0.0359375
0 0.4390625 0.66796875 0.040625 0.059375
0 0.41328125 0.68828125 0.04375 0.0640625
0 0.38515625 0.7046875 0.01875 0.04375
0 0.36875 0.70703125 0.01875 0.034375
0 0.2375 0.75546875 0.0140625 0.0265625
0 0.2265625 0.75703125 0.015625 0.0234375