0 0.396875 0.9453125 0.1375 0.109375
0 0.45234375 0.815625 0.1609375 0.1671875
0 0.49453125 0.70859375 0.096875 0.084375
0 0.50234375 0.56484375 0.1 0.0890625
0 0.47578125 0.665625 0.1046875 0.1046875
0 0.51875 0.4578125 0.0640625 0.109375
0 0.5234375 0.35078125 0.0578125 0.0625
0 0.53671875 0.2921875 0.075 0.0546875
0 0.5375 0.19296875 0.0453125 0.0453125
0 0.528125 0.2421875 0.053125 0.04375
0 0.53828125 0.14921875 0.0390625 0.0453125
0 0.54296875 0.1265625 0.0328125 0.03125
0 0.52890625 0.1109375 0.03125 0.025