0 0.928125 0.5265625 0.14375 0.209375
0 0.81171875 0.540625 0.1171875 0.13125
0 0.69453125 0.60234375 0.140625 0.15625
0 0.6671875 0.66875 0.0625 0.0828125
0 0.5953125 0.5953125 0.0859375 0.109375
0 0.5546875 0.6265625 0.0890625 0.1078125
0 0.49609375 0.6203125 0.090625 0.0953125
0 0.44453125 0.63203125 0.0671875 0.0875
0 0.38671875 0.65078125 0.06875 0.084375
0 0.35859375 0.64765625 0.0390625 0.0546875
0 0.34375 0.66953125 0.04375 0.06875
0 0.3109375 0.66328125 0.0421875 0.059375
0 0.29296875 0.58984375 0.06875 0.0953125
0 0.196875 0.59765625 0.053125 0.06875
0 0.22265625 0.63203125 0.05 0.0640625