0 0.08203125 0.5734375 0.1296875 0.1921875
0 0.2390625 0.49453125 0.08125 0.1421875
0 0.2796875 0.39453125 0.0421875 0.0796875
0 0.378125 0.42578125 0.0828125 0.109375
0 0.42109375 0.353125 0.0453125 0.08125
0 0.45234375 0.3859375 0.0578125 0.109375
0 0.49375 0.3734375 0.05 0.0671875
0 0.72734375 0.36796875 0.0578125 0.071875
0 0.49765625 0.31015625 0.0328125 0.0421875
0 0.525 0.353125 0.0375 0.065625
0 0.67734375 0.36484375 0.0515625 0.0796875
0 0.55546875 0.34296875 0.0421875 0.0734375
0 0.6296875 0.29375 0.0375 0.0578125
0 0.69765625 0.33203125 0.0296875 0.01875
0 0.584375 0.31640625 0.0359375 0.0515625