0 0.31328125 0.53984375 0.0265625 0.05625
0 0.6953125 0.05703125 0.0921875 0.1
0 0.6671875 0.1484375 0.0875 0.090625
0 0.6625 0.22265625 0.0703125 0.0875
0 0.5609375 0.2859375 0.0671875 0.15625
0 0.62421875 0.31328125 0.071875 0.109375
0 0.521875 0.3671875 0.065625 0.078125
0 0.60390625 0.36953125 0.0609375 0.0765625
0 0.55625 0.4125 0.0359375 0.04375
0 0.48671875 0.39453125 0.0609375 0.071875
0 0.45234375 0.41484375 0.0546875 0.075
0 0.428125 0.43046875 0.053125 0.0765625
0 0.48828125 0.45390625 0.040625 0.0390625
0 0.4546875 0.48515625 0.0234375 0.028125
0 0.4421875 0.5109375 0.0296875 0.0453125
0 0.40390625 0.4921875 0.0359375 0.053125
0 0.3625 0.49375 0.0359375 0.0703125
0 0.33515625 0.49609375 0.025 0.04375
0 0.38125 0.5453125 0.0296875 0.0390625
0 0.4125 0.52578125 0.03125 0.028125