0 0.33203125 0.5515625 0.0375 0.075
0 0.39453125 0.540625 0.046875 0.0640625
0 0.36015625 0.46328125 0.040625 0.046875
0 0.40234375 0.4484375 0.04375 0.06875
0 0.4453125 0.44140625 0.0390625 0.0640625
0 0.48984375 0.459375 0.0328125 0.059375
0 0.43828125 0.5015625 0.0265625 0.03125
0 0.47421875 0.38046875 0.0453125 0.0921875
0 0.5125 0.353125 0.0515625 0.06875
0 0.6140625 0.3203125 0.053125 0.0921875
0 0.55859375 0.2859375 0.0734375 0.084375
0 0.5234375 0.41640625 0.04375 0.0359375
0 0.54921875 0.39375 0.0421875 0.046875
0 0.575 0.35625 0.0515625 0.053125
0 0.66171875 0.21953125 0.06875 0.0875
0 0.603125 0.12109375 0.06875 0.1046875
0 0.71796875 0.084375 0.090625 0.1140625
0 0.67109375 0.0203125 0.0828125 0.040625