0 0.0578125 0.6078125 0.09609375 0.16875
0 0.1984375 0.51796875 0.0765625 0.1640625
0 0.2953125 0.453125 0.0890625 0.14921875
0 0.3796875 0.42890625 0.06640625 0.125
0 0.44921875 0.3953125 0.06953125 0.090625
0 0.52109375 0.353125 0.0578125 0.08125
0 0.665625 0.38515625 0.0625 0.0828125
0 0.74453125 0.35390625 0.06015625 0.0828125
0 0.5296875 0.30078125 0.0453125 0.03359375
0 0.56953125 0.33515625 0.0375 0.05703125
0 0.59609375 0.31640625 0.040625 0.06171875
0 0.62578125 0.3015625 0.0171875 0.0421875
0 0.6421875 0.3 0.0171875 0.0328125
0 0.77578125 0.25859375 0.01328125 0.0265625
0 0.78671875 0.2578125 0.0140625 0.02265625