0 0.38828125 0.08203125 0.0859375 0.1171875
0 0.3390625 0.1359375 0.0671875 0.0953125
0 0.31796875 0.23515625 0.078125 0.0953125
0 0.415625 0.25234375 0.0796875 0.109375
0 0.675 0.55078125 0.040625 0.0578125
0 0.38984375 0.34609375 0.0515625 0.0640625
0 0.4375 0.3390625 0.0515625 0.0796875
0 0.47734375 0.353125 0.075 0.08125
0 0.5171875 0.38125 0.0546875 0.0828125
0 0.55234375 0.4125 0.04375 0.0765625
0 0.41484375 0.3859375 0.0453125 0.0515625
0 0.45625 0.40078125 0.028125 0.0421875
0 0.48125 0.42734375 0.0390625 0.0375
0 0.534375 0.48828125 0.034375 0.05
0 0.5046875 0.45 0.0359375 0.0296875
0 0.6171875 0.46484375 0.0453125 0.0734375
0 0.6578125 0.4828125 0.04375 0.05
0 0.62265625 0.56328125 0.034375 0.04375
0 0.57890625 0.47109375 0.0296875 0.05
0 0.6265625 0.521875 0.025 0.040625
0 0.5703125 0.50078125 0.0203125 0.01875
0 0.596875 0.528125 0.021875 0.0296875