0 0.05859375 0.57265625 0.1171875 0.2234375
0 0.3046875 0.4203125 0.11875 0.13828125
0 0.38828125 0.42421875 0.071875 0.09140625
0 0.3328125 0.34765625 0.04296875 0.046875
0 0.4828125 0.38203125 0.06171875 0.0765625
0 0.45703125 0.33828125 0.04921875 0.02421875
0 0.540625 0.34296875 0.0546875 0.07734375
0 0.5734375 0.33359375 0.04140625 0.05234375
0 0.62265625 0.40859375 0.07109375 0.0875
0 0.646875 0.2953125 0.0359375 0.034375
0 0.61796875 0.29296875 0.02890625 0.0453125
0 0.79375 0.2734375 0.01875 0.03203125
0 0.775 0.2625 0.0171875 0.0265625
0 0.7703125 0.2328125 0.0125 0.0234375
0 0.7859375 0.23203125 0.01328125 0.01796875