0 0.9359375 0.453125 0.128125 0.225
0 0.80859375 0.49609375 0.09375 0.1296875
0 0.69609375 0.5640625 0.1 0.1421875
0 0.60859375 0.58671875 0.078125 0.1203125
0 0.5640625 0.60234375 0.0703125 0.096875
0 0.5125 0.6171875 0.0515625 0.078125
0 0.51640625 0.671875 0.05 0.0625
0 0.27578125 0.57734375 0.075 0.10625
0 0.19765625 0.67890625 0.015625 0.028125
0 0.44296875 0.65078125 0.0421875 0.0703125
0 0.4703125 0.659375 0.040625 0.0671875
0 0.41796875 0.6671875 0.0546875 0.075
0 0.37890625 0.67734375 0.0375 0.0515625
0 0.36328125 0.68515625 0.034375 0.046875