0 0.35390625 0.5625 0.028125 0.040625
0 0.32890625 0.5171875 0.0421875 0.0546875
0 0.3765625 0.515625 0.0359375 0.053125
0 0.41015625 0.53125 0.025 0.0171875
0 0.36875 0.4421875 0.05625 0.06875
0 0.46953125 0.47578125 0.0296875 0.0234375
0 0.42421875 0.47890625 0.03125 0.03125
0 0.4 0.453125 0.0296875 0.0375
0 0.4484375 0.39609375 0.0515625 0.0703125
0 0.41796875 0.42109375 0.0375 0.0546875
0 0.47734375 0.45078125 0.034375 0.04375
0 0.4453125 0.45 0.0453125 0.0421875
0 0.54609375 0.4296875 0.0359375 0.046875
0 0.58515625 0.37421875 0.034375 0.0546875
0 0.49609375 0.40078125 0.053125 0.0703125
0 0.53046875 0.3765625 0.0640625 0.0828125
0 0.51015625 0.30546875 0.0703125 0.1
0 0.5 0.2015625 0.0828125 0.1046875
0 0.61875 0.27578125 0.0765625 0.1109375
0 0.6640625 0.17265625 0.0875 0.1265625
0 0.728125 0.10859375 0.0890625 0.11875
0 0.728125 0.02421875 0.0609375 0.0296875