0 0.0921875 0.16171875 0.10625 0.25
0 0.425 0.04765625 0.165625 0.0953125
0 0.74375 0.0734375 0.1046875 0.0796875
0 0.62578125 0.13046875 0.2375 0.2609375
0 0.60546875 0.2734375 0.18125 0.1734375
0 0.7671875 0.3703125 0.1484375 0.2484375
0 0.57890625 0.3875 0.121875 0.1203125
0 0.6859375 0.39453125 0.109375 0.1546875
0 0.7421875 0.4828125 0.078125 0.0890625
0 0.54140625 0.5359375 0.115625 0.134375
0 0.60390625 0.47109375 0.121875 0.109375
0 0.72109375 0.5171875 0.0859375 0.103125
0 0.67734375 0.50390625 0.0875 0.1171875
0 0.6859375 0.571875 0.075 0.075
0 0.6171875 0.55625 0.065625 0.0796875
0 0.66328125 0.63359375 0.0609375 0.065625
0 0.63125 0.59453125 0.075 0.075
0 0.56328125 0.63125 0.0671875 0.0453125
0 0.6265625 0.64765625 0.053125 0.0515625
0 0.44140625 0.76953125 0.021875 0.03125
0 0.54609375 0.67109375 0.05 0.0390625
0 0.534375 0.69609375 0.0421875 0.0421875