0 0.54453125 0.0265625 0.0671875 0.053125
0 0.63125 0.08671875 0.096875 0.1203125
0 0.55546875 0.1234375 0.0796875 0.0921875
0 0.63046875 0.20703125 0.09375 0.1078125
0 0.46015625 0.33359375 0.0875 0.1046875
0 0.590625 0.28828125 0.0734375 0.0953125
0 0.528125 0.3296875 0.059375 0.078125
0 0.57578125 0.35546875 0.0546875 0.0640625
0 0.3859375 0.40546875 0.04375 0.078125
0 0.54453125 0.39375 0.0375 0.040625
0 0.5015625 0.3890625 0.0546875 0.059375
0 0.44765625 0.39609375 0.05625 0.08125
0 0.3859375 0.48046875 0.05625 0.059375
0 0.42734375 0.46875 0.046875 0.059375
0 0.45234375 0.45078125 0.0390625 0.05
0 0.4953125 0.43828125 0.028125 0.04375
0 0.471875 0.47265625 0.0390625 0.0703125
0 0.37265625 0.5234375 0.04375 0.0609375
0 0.4046875 0.51875 0.021875 0.0359375
0 0.43359375 0.5140625 0.025 0.040625