0 0.65703125 0.89140625 0.0921875 0.1109375
0 0.584375 0.93515625 0.0921875 0.1171875
0 0.63046875 0.721875 0.0671875 0.1046875
0 0.6078125 0.81796875 0.059375 0.084375
0 0.54609375 0.8171875 0.084375 0.134375
0 0.45859375 0.7875 0.0734375 0.1390625
0 0.5515625 0.684375 0.0828125 0.1078125
0 0.46953125 0.66953125 0.08125 0.096875
0 0.39375 0.56484375 0.05 0.071875
0 0.3640625 0.5296875 0.0453125 0.0515625
0 0.3515625 0.45234375 0.0328125 0.0625
0 0.3765625 0.47578125 0.0328125 0.046875
0 0.33515625 0.434375 0.0359375 0.065625
0 0.4140625 0.44453125 0.034375 0.05625
0 0.40859375 0.49453125 0.0296875 0.0390625
0 0.4609375 0.51875 0.028125 0.0390625
0 0.42421875 0.5234375 0.0375 0.05625
0 0.45078125 0.55 0.05625 0.0546875
0 0.55 0.628125 0.04375 0.0375
0 0.46015625 0.6 0.059375 0.0625
0 0.48515625 0.5359375 0.05 0.0359375