0 0.4125 0.19921875 0.1671875 0.2265625
0 0.675 0.13046875 0.225 0.240625
0 0.7765625 0.271875 0.1515625 0.2078125
0 0.6375 0.38359375 0.1296875 0.16875
0 0.7375 0.36796875 0.115625 0.140625
0 0.5359375 0.46796875 0.1125 0.140625
0 0.740625 0.44765625 0.078125 0.0953125
0 0.69453125 0.453125 0.08125 0.0953125
0 0.7125 0.51796875 0.0921875 0.0828125
0 0.68046875 0.596875 0.0484375 0.0640625
0 0.6375 0.51171875 0.065625 0.090625
0 0.5765625 0.5203125 0.08125 0.096875
0 0.6140625 0.5703125 0.0421875 0.0453125
0 0.646875 0.5625 0.0640625 0.0515625
0 0.50078125 0.584375 0.0625 0.09375
0 0.54765625 0.60234375 0.05 0.078125
0 0.5828125 0.59453125 0.0625 0.053125
0 0.64375 0.62265625 0.0796875 0.078125
0 0.60078125 0.634375 0.0609375 0.0578125
0 0.5515625 0.6578125 0.046875 0.0375
0 0.45703125 0.77421875 0.025 0.0328125
0 0.5421875 0.70546875 0.040625 0.0375