0 0.06484375 0.58046875 0.1296875 0.18359375
0 0.1875 0.5359375 0.0921875 0.11171875
0 0.28671875 0.44765625 0.11171875 0.13359375
0 0.296875 0.3765625 0.04609375 0.0734375
0 0.384375 0.43046875 0.0640625 0.09609375
0 0.41640625 0.390625 0.06875 0.09375
0 0.475 0.38203125 0.0734375 0.0796875
0 0.521875 0.35859375 0.05 0.07734375
0 0.5734375 0.3265625 0.05234375 0.0734375
0 0.6015625 0.32265625 0.02734375 0.04921875
0 0.6109375 0.29765625 0.02890625 0.06328125
0 0.64375 0.29609375 0.03046875 0.05390625
0 0.67890625 0.3625 0.05 0.08515625
0 0.7703125 0.33203125 0.03984375 0.06171875
0 0.7375 0.3046875 0.03828125 0.05625