0 0.703125 0.97421875 0.078125 0.0515625
0 0.63984375 0.92421875 0.07265625 0.115625
0 0.64453125 0.72734375 0.05546875 0.12421875
0 0.58984375 0.7203125 0.05 0.134375
0 0.50390625 0.7046875 0.0765625 0.109375
0 0.5890625 0.63515625 0.0578125 0.05390625
0 0.521875 0.640625 0.06171875 0.06640625
0 0.534375 0.6015625 0.0453125 0.0453125
0 0.42734375 0.57421875 0.0390625 0.0484375
0 0.50546875 0.565625 0.04453125 0.065625
0 0.32890625 0.46796875 0.03359375 0.06796875
0 0.36171875 0.50234375 0.0375 0.06640625
0 0.48828125 0.53984375 0.034375 0.0375
0 0.44609375 0.54375 0.0328125 0.05
0 0.40625 0.54296875 0.03515625 0.05390625
0 0.390625 0.459375 0.025 0.02578125
0 0.43125 0.490625 0.0265625 0.0265625
0 0.39609375 0.49453125 0.0265625 0.03125
0 0.4609375 0.5203125 0.02578125 0.03671875