0 0.40625 0.3 0.08125 0.1234375
0 0.5 0.3015625 0.06875 0.121875
0 0.52890625 0.36640625 0.05625 0.0796875
0 0.459375 0.4 0.0625 0.040625
0 0.471875 0.35078125 0.0625 0.0859375
0 0.6625 0.54140625 0.05 0.08125
0 0.6265625 0.58984375 0.0375 0.040625
0 0.62421875 0.55 0.0375 0.0453125
0 0.575 0.54921875 0.040625 0.0453125
0 0.61484375 0.48828125 0.040625 0.059375
0 0.59296875 0.46640625 0.0421875 0.0578125
0 0.55859375 0.4375 0.059375 0.071875
0 0.496875 0.43359375 0.0359375 0.04375
0 0.546875 0.490625 0.040625 0.0453125